"run","default_observer_minPycor","DI_f_2","default_observer_minPxcor","DO_f_3","DO_f_2","DI_doublefail","randomSeed","DO_doublefail","default_observer_maxPycor","default_observer_maxPxcor","DI_s_3","DI_s_2","DI_f_3","DO_s_3","DO_s_2"
1,-16,-1.0,-16,-0.1,-0.2,-0.99,1403238253,-0.6,16,16,0.1,0.4,-0.1,0.1,0.2
3,-16,-0.8,-16,-0.1,-0.2,-0.99,1403241088,-0.6,16,16,0.1,0.4,-0.1,0.1,0.2
5,-16,-0.6,-16,-0.1,-0.2,-0.99,1403241792,-0.6,16,16,0.1,0.4,-0.1,0.1,0.2
7,-16,-0.4,-16,-0.1,-0.2,-0.99,1403243154,-0.6,16,16,0.1,0.4,-0.1,0.1,0.2
9,-16,-0.2,-16,-0.1,-0.2,-0.99,1403243988,-0.6,16,16,0.1,0.4,-0.1,0.1,0.2
11,-16,0.0,-16,-0.1,-0.2,-0.99,1403244881,-0.6,16,16,0.1,0.4,-0.1,0.1,0.2
13,-16,-0.9,-16,-0.1,-0.2,-0.99,1403245320,-0.6,16,16,0.1,0.4,-0.1,0.1,0.2
15,-16,-0.7,-16,-0.1,-0.2,-0.99,1403245567,-0.6,16,16,0.1,0.4,-0.1,0.1,0.2
17,-16,-0.5,-16,-0.1,-0.2,-0.99,1403245781,-0.6,16,16,0.1,0.4,-0.1,0.1,0.2
19,-16,-0.3,-16,-0.1,-0.2,-0.99,1403246064,-0.6,16,16,0.1,0.4,-0.1,0.1,0.2
21,-16,-0.1,-16,-0.1,-0.2,-0.99,1403246247,-0.6,16,16,0.1,0.4,-0.1,0.1,0.2
23,-16,-1.0,-16,-0.1,-0.2,-0.99,1403246656,-0.6,16,16,0.1,0.4,-0.1,0.1,0.2
25,-16,-0.8,-16,-0.1,-0.2,-0.99,1403246792,-0.6,16,16,0.1,0.4,-0.1,0.1,0.2
27,-16,-0.6,-16,-0.1,-0.2,-0.99,1403246915,-0.6,16,16,0.1,0.4,-0.1,0.1,0.2
29,-16,-0.4,-16,-0.1,-0.2,-0.99,1403247177,-0.6,16,16,0.1,0.4,-0.1,0.1,0.2
31,-16,-0.2,-16,-0.1,-0.2,-0.99,1403247281,-0.6,16,16,0.1,0.4,-0.1,0.1,0.2
33,-16,0.0,-16,-0.1,-0.2,-0.99,1403247379,-0.6,16,16,0.1,0.4,-0.1,0.1,0.2
35,-16,-0.9,-16,-0.1,-0.2,-0.99,1403247457,-0.6,16,16,0.1,0.4,-0.1,0.1,0.2
37,-16,-0.7,-16,-0.1,-0.2,-0.99,1403247589,-0.6,16,16,0.1,0.4,-0.1,0.1,0.2
39,-16,-0.5,-16,-0.1,-0.2,-0.99,1403247677,-0.6,16,16,0.1,0.4,-0.1,0.1,0.2
41,-16,-0.3,-16,-0.1,-0.2,-0.99,1403247767,-0.6,16,16,0.1,0.4,-0.1,0.1,0.2
43,-16,-0.1,-16,-0.1,-0.2,-0.99,1403247870,-0.6,16,16,0.1,0.4,-0.1,0.1,0.2
45,-16,-1.0,-16,-0.1,-0.2,-0.99,1403247993,-0.6,16,16,0.1,0.4,-0.1,0.1,0.2
47,-16,-0.8,-16,-0.1,-0.2,-0.99,1403248224,-0.6,16,16,0.1,0.4,-0.1,0.1,0.2
49,-16,-0.6,-16,-0.1,-0.2,-0.99,1403248352,-0.6,16,16,0.1,0.4,-0.1,0.1,0.2
51,-16,-0.4,-16,-0.1,-0.2,-0.99,1403248491,-0.6,16,16,0.1,0.4,-0.1,0.1,0.2
53,-16,-0.2,-16,-0.1,-0.2,-0.99,1403248601,-0.6,16,16,0.1,0.4,-0.1,0.1,0.2
55,-16,0.0,-16,-0.1,-0.2,-0.99,1403248702,-0.6,16,16,0.1,0.4,-0.1,0.1,0.2
57,-16,-0.9,-16,-0.1,-0.2,-0.99,1403248865,-0.6,16,16,0.1,0.4,-0.1,0.1,0.2
59,-16,-0.7,-16,-0.1,-0.2,-0.99,1403248969,-0.6,16,16,0.1,0.4,-0.1,0.1,0.2
61,-16,-0.5,-16,-0.1,-0.2,-0.99,1403249087,-0.6,16,16,0.1,0.4,-0.1,0.1,0.2
63,-16,-0.3,-16,-0.1,-0.2,-0.99,1403249229,-0.6,16,16,0.1,0.4,-0.1,0.1,0.2
65,-16,-0.1,-16,-0.1,-0.2,-0.99,1403249339,-0.6,16,16,0.1,0.4,-0.1,0.1,0.2
67,-16,-1.0,-16,-0.1,-0.2,-0.99,1403249434,-0.6,16,16,0.1,0.4,-0.1,0.1,0.2
69,-16,-0.8,-16,-0.1,-0.2,-0.99,1403249505,-0.6,16,16,0.1,0.4,-0.1,0.1,0.2
71,-16,-0.6,-16,-0.1,-0.2,-0.99,1403249598,-0.6,16,16,0.1,0.4,-0.1,0.1,0.2
73,-16,-0.4,-16,-0.1,-0.2,-0.99,1403249681,-0.6,16,16,0.1,0.4,-0.1,0.1,0.2
75,-16,-0.2,-16,-0.1,-0.2,-0.99,1403249742,-0.6,16,16,0.1,0.4,-0.1,0.1,0.2
77,-16,0.0,-16,-0.1,-0.2,-0.99,1403249808,-0.6,16,16,0.1,0.4,-0.1,0.1,0.2
79,-16,-0.9,-16,-0.1,-0.2,-0.99,1403249876,-0.6,16,16,0.1,0.4,-0.1,0.1,0.2
81,-16,-0.7,-16,-0.1,-0.2,-0.99,1403250002,-0.6,16,16,0.1,0.4,-0.1,0.1,0.2
83,-16,-0.5,-16,-0.1,-0.2,-0.99,1403250203,-0.6,16,16,0.1,0.4,-0.1,0.1,0.2
85,-16,-0.3,-16,-0.1,-0.2,-0.99,1403250287,-0.6,16,16,0.1,0.4,-0.1,0.1,0.2
87,-16,-0.1,-16,-0.1,-0.2,-0.99,1403250346,-0.6,16,16,0.1,0.4,-0.1,0.1,0.2
89,-16,-1.0,-16,-0.1,-0.2,-0.99,1403250422,-0.6,16,16,0.1,0.4,-0.1,0.1,0.2
91,-16,-0.8,-16,-0.1,-0.2,-0.99,1403250486,-0.6,16,16,0.1,0.4,-0.1,0.1,0.2
93,-16,-0.6,-16,-0.1,-0.2,-0.99,1403250577,-0.6,16,16,0.1,0.4,-0.1,0.1,0.2
95,-16,-0.4,-16,-0.1,-0.2,-0.99,1403250643,-0.6,16,16,0.1,0.4,-0.1,0.1,0.2
97,-16,-0.2,-16,-0.1,-0.2,-0.99,1403250726,-0.6,16,16,0.1,0.4,-0.1,0.1,0.2
99,-16,0.0,-16,-0.1,-0.2,-0.99,1403250795,-0.6,16,16,0.1,0.4,-0.1,0.1,0.2
101,-16,-0.9,-16,-0.1,-0.2,-0.99,1403250885,-0.6,16,16,0.1,0.4,-0.1,0.1,0.2
103,-16,-0.7,-16,-0.1,-0.2,-0.99,1403250965,-0.6,16,16,0.1,0.4,-0.1,0.1,0.2
105,-16,-0.5,-16,-0.1,-0.2,-0.99,1403251030,-0.6,16,16,0.1,0.4,-0.1,0.1,0.2
107,-16,-0.3,-16,-0.1,-0.2,-0.99,1403251070,-0.6,16,16,0.1,0.4,-0.1,0.1,0.2
109,-16,-0.1,-16,-0.1,-0.2,-0.99,1403251137,-0.6,16,16,0.1,0.4,-0.1,0.1,0.2
111,-16,-1.0,-16,-0.1,-0.2,-0.99,1403251220,-0.6,16,16,0.1,0.4,-0.1,0.1,0.2
113,-16,-0.8,-16,-0.1,-0.2,-0.99,1403251297,-0.6,16,16,0.1,0.4,-0.1,0.1,0.2
115,-16,-0.6,-16,-0.1,-0.2,-0.99,1403251349,-0.6,16,16,0.1,0.4,-0.1,0.1,0.2
117,-16,-0.4,-16,-0.1,-0.2,-0.99,1403251411,-0.6,16,16,0.1,0.4,-0.1,0.1,0.2
119,-16,-0.2,-16,-0.1,-0.2,-0.99,1403251472,-0.6,16,16,0.1,0.4,-0.1,0.1,0.2
121,-16,0.0,-16,-0.1,-0.2,-0.99,1403251517,-0.6,16,16,0.1,0.4,-0.1,0.1,0.2
123,-16,-0.9,-16,-0.1,-0.2,-0.99,1403251574,-0.6,16,16,0.1,0.4,-0.1,0.1,0.2
125,-16,-0.7,-16,-0.1,-0.2,-0.99,1403251640,-0.6,16,16,0.1,0.4,-0.1,0.1,0.2
127,-16,-0.5,-16,-0.1,-0.2,-0.99,1403251680,-0.6,16,16,0.1,0.4,-0.1,0.1,0.2
129,-16,-0.3,-16,-0.1,-0.2,-0.99,1403251764,-0.6,16,16,0.1,0.4,-0.1,0.1,0.2
131,-16,-0.1,-16,-0.1,-0.2,-0.99,1403251835,-0.6,16,16,0.1,0.4,-0.1,0.1,0.2
133,-16,-1.0,-16,-0.1,-0.2,-0.99,1403251895,-0.6,16,16,0.1,0.4,-0.1,0.1,0.2
135,-16,-0.8,-16,-0.1,-0.2,-0.99,1403251947,-0.6,16,16,0.1,0.4,-0.1,0.1,0.2
137,-16,-0.6,-16,-0.1,-0.2,-0.99,1403252008,-0.6,16,16,0.1,0.4,-0.1,0.1,0.2
139,-16,-0.4,-16,-0.1,-0.2,-0.99,1403252064,-0.6,16,16,0.1,0.4,-0.1,0.1,0.2
141,-16,-0.2,-16,-0.1,-0.2,-0.99,1403252126,-0.6,16,16,0.1,0.4,-0.1,0.1,0.2
143,-16,0.0,-16,-0.1,-0.2,-0.99,1403252182,-0.6,16,16,0.1,0.4,-0.1,0.1,0.2
145,-16,-0.9,-16,-0.1,-0.2,-0.99,1403252250,-0.6,16,16,0.1,0.4,-0.1,0.1,0.2
147,-16,-0.7,-16,-0.1,-0.2,-0.99,1403252312,-0.6,16,16,0.1,0.4,-0.1,0.1,0.2
149,-16,-0.5,-16,-0.1,-0.2,-0.99,1403252366,-0.6,16,16,0.1,0.4,-0.1,0.1,0.2
151,-16,-0.3,-16,-0.1,-0.2,-0.99,1403252414,-0.6,16,16,0.1,0.4,-0.1,0.1,0.2
153,-16,-0.1,-16,-0.1,-0.2,-0.99,1403252515,-0.6,16,16,0.1,0.4,-0.1,0.1,0.2
155,-16,-1.0,-16,-0.1,-0.2,-0.99,1403252631,-0.6,16,16,0.1,0.4,-0.1,0.1,0.2
157,-16,-0.8,-16,-0.1,-0.2,-0.99,1403252806,-0.6,16,16,0.1,0.4,-0.1,0.1,0.2
159,-16,-0.6,-16,-0.1,-0.2,-0.99,1403252865,-0.6,16,16,0.1,0.4,-0.1,0.1,0.2
161,-16,-0.4,-16,-0.1,-0.2,-0.99,1403252915,-0.6,16,16,0.1,0.4,-0.1,0.1,0.2
163,-16,-0.2,-16,-0.1,-0.2,-0.99,1403252959,-0.6,16,16,0.1,0.4,-0.1,0.1,0.2
165,-16,0.0,-16,-0.1,-0.2,-0.99,1403253046,-0.6,16,16,0.1,0.4,-0.1,0.1,0.2
167,-16,-0.9,-16,-0.1,-0.2,-0.99,1403253133,-0.6,16,16,0.1,0.4,-0.1,0.1,0.2
169,-16,-0.7,-16,-0.1,-0.2,-0.99,1403253175,-0.6,16,16,0.1,0.4,-0.1,0.1,0.2
171,-16,-0.5,-16,-0.1,-0.2,-0.99,1403253249,-0.6,16,16,0.1,0.4,-0.1,0.1,0.2
173,-16,-0.3,-16,-0.1,-0.2,-0.99,1403253297,-0.6,16,16,0.1,0.4,-0.1,0.1,0.2
175,-16,-0.1,-16,-0.1,-0.2,-0.99,1403253334,-0.6,16,16,0.1,0.4,-0.1,0.1,0.2
177,-16,-1.0,-16,-0.1,-0.2,-0.99,1403253388,-0.6,16,16,0.1,0.4,-0.1,0.1,0.2
179,-16,-0.8,-16,-0.1,-0.2,-0.99,1403253437,-0.6,16,16,0.1,0.4,-0.1,0.1,0.2
181,-16,-0.6,-16,-0.1,-0.2,-0.99,1403253484,-0.6,16,16,0.1,0.4,-0.1,0.1,0.2
183,-16,-0.4,-16,-0.1,-0.2,-0.99,1403253590,-0.6,16,16,0.1,0.4,-0.1,0.1,0.2
185,-16,-0.2,-16,-0.1,-0.2,-0.99,1403253652,-0.6,16,16,0.1,0.4,-0.1,0.1,0.2
187,-16,0.0,-16,-0.1,-0.2,-0.99,1403253699,-0.6,16,16,0.1,0.4,-0.1,0.1,0.2
189,-16,-0.9,-16,-0.1,-0.2,-0.99,1403253769,-0.6,16,16,0.1,0.4,-0.1,0.1,0.2
191,-16,-0.7,-16,-0.1,-0.2,-0.99,1403253848,-0.6,16,16,0.1,0.4,-0.1,0.1,0.2
193,-16,-0.5,-16,-0.1,-0.2,-0.99,1403253918,-0.6,16,16,0.1,0.4,-0.1,0.1,0.2
195,-16,-0.3,-16,-0.1,-0.2,-0.99,1403253989,-0.6,16,16,0.1,0.4,-0.1,0.1,0.2
197,-16,-0.1,-16,-0.1,-0.2,-0.99,1403254051,-0.6,16,16,0.1,0.4,-0.1,0.1,0.2
199,-16,-1.0,-16,-0.1,-0.2,-0.99,1403254102,-0.6,16,16,0.1,0.4,-0.1,0.1,0.2
201,-16,-0.8,-16,-0.1,-0.2,-0.99,1403254159,-0.6,16,16,0.1,0.4,-0.1,0.1,0.2
203,-16,-0.6,-16,-0.1,-0.2,-0.99,1403254225,-0.6,16,16,0.1,0.4,-0.1,0.1,0.2
205,-16,-0.4,-16,-0.1,-0.2,-0.99,1403254277,-0.6,16,16,0.1,0.4,-0.1,0.1,0.2
207,-16,-0.2,-16,-0.1,-0.2,-0.99,1403254330,-0.6,16,16,0.1,0.4,-0.1,0.1,0.2
209,-16,0.0,-16,-0.1,-0.2,-0.99,1403254438,-0.6,16,16,0.1,0.4,-0.1,0.1,0.2
211,-16,-0.9,-16,-0.1,-0.2,-0.99,1403254503,-0.6,16,16,0.1,0.4,-0.1,0.1,0.2
213,-16,-0.7,-16,-0.1,-0.2,-0.99,1403254543,-0.6,16,16,0.1,0.4,-0.1,0.1,0.2
215,-16,-0.5,-16,-0.1,-0.2,-0.99,1403254599,-0.6,16,16,0.1,0.4,-0.1,0.1,0.2
217,-16,-0.3,-16,-0.1,-0.2,-0.99,1403254649,-0.6,16,16,0.1,0.4,-0.1,0.1,0.2
219,-16,-0.1,-16,-0.1,-0.2,-0.99,1403254692,-0.6,16,16,0.1,0.4,-0.1,0.1,0.2
221,-16,-1.0,-16,-0.1,-0.2,-0.99,1403254828,-0.6,16,16,0.1,0.4,-0.1,0.1,0.2
223,-16,-0.8,-16,-0.1,-0.2,-0.99,1403254893,-0.6,16,16,0.1,0.4,-0.1,0.1,0.2
225,-16,-0.6,-16,-0.1,-0.2,-0.99,1403254983,-0.6,16,16,0.1,0.4,-0.1,0.1,0.2
227,-16,-0.4,-16,-0.1,-0.2,-0.99,1403255114,-0.6,16,16,0.1,0.4,-0.1,0.1,0.2
229,-16,-0.2,-16,-0.1,-0.2,-0.99,1403255333,-0.6,16,16,0.1,0.4,-0.1,0.1,0.2
231,-16,0.0,-16,-0.1,-0.2,-0.99,1403255405,-0.6,16,16,0.1,0.4,-0.1,0.1,0.2
233,-16,-0.9,-16,-0.1,-0.2,-0.99,1403255497,-0.6,16,16,0.1,0.4,-0.1,0.1,0.2
235,-16,-0.7,-16,-0.1,-0.2,-0.99,1403255775,-0.6,16,16,0.1,0.4,-0.1,0.1,0.2
237,-16,-0.5,-16,-0.1,-0.2,-0.99,1403255840,-0.6,16,16,0.1,0.4,-0.1,0.1,0.2
239,-16,-0.3,-16,-0.1,-0.2,-0.99,1403255898,-0.6,16,16,0.1,0.4,-0.1,0.1,0.2
241,-16,-0.1,-16,-0.1,-0.2,-0.99,1403255962,-0.6,16,16,0.1,0.4,-0.1,0.1,0.2
243,-16,-1.0,-16,-0.1,-0.2,-0.99,1403256032,-0.6,16,16,0.1,0.4,-0.1,0.1,0.2
245,-16,-0.8,-16,-0.1,-0.2,-0.99,1403256127,-0.6,16,16,0.1,0.4,-0.1,0.1,0.2
247,-16,-0.6,-16,-0.1,-0.2,-0.99,1403256168,-0.6,16,16,0.1,0.4,-0.1,0.1,0.2
249,-16,-0.4,-16,-0.1,-0.2,-0.99,1403256232,-0.6,16,16,0.1,0.4,-0.1,0.1,0.2
251,-16,-0.2,-16,-0.1,-0.2,-0.99,1403256304,-0.6,16,16,0.1,0.4,-0.1,0.1,0.2
253,-16,0.0,-16,-0.1,-0.2,-0.99,1403256363,-0.6,16,16,0.1,0.4,-0.1,0.1,0.2
255,-16,-0.9,-16,-0.1,-0.2,-0.99,1403256422,-0.6,16,16,0.1,0.4,-0.1,0.1,0.2
257,-16,-0.7,-16,-0.1,-0.2,-0.99,1403256487,-0.6,16,16,0.1,0.4,-0.1,0.1,0.2
259,-16,-0.5,-16,-0.1,-0.2,-0.99,1403256550,-0.6,16,16,0.1,0.4,-0.1,0.1,0.2
261,-16,-0.3,-16,-0.1,-0.2,-0.99,1403256598,-0.6,16,16,0.1,0.4,-0.1,0.1,0.2
263,-16,-0.1,-16,-0.1,-0.2,-0.99,1403256642,-0.6,16,16,0.1,0.4,-0.1,0.1,0.2
265,-16,-1.0,-16,-0.1,-0.2,-0.99,1403256699,-0.6,16,16,0.1,0.4,-0.1,0.1,0.2
267,-16,-0.8,-16,-0.1,-0.2,-0.99,1403256744,-0.6,16,16,0.1,0.4,-0.1,0.1,0.2
269,-16,-0.6,-16,-0.1,-0.2,-0.99,1403256793,-0.6,16,16,0.1,0.4,-0.1,0.1,0.2
271,-16,-0.4,-16,-0.1,-0.2,-0.99,1403256878,-0.6,16,16,0.1,0.4,-0.1,0.1,0.2
273,-16,-0.2,-16,-0.1,-0.2,-0.99,1403256949,-0.6,16,16,0.1,0.4,-0.1,0.1,0.2
275,-16,0.0,-16,-0.1,-0.2,-0.99,1403257020,-0.6,16,16,0.1,0.4,-0.1,0.1,0.2
277,-16,-0.9,-16,-0.1,-0.2,-0.99,1403257083,-0.6,16,16,0.1,0.4,-0.1,0.1,0.2
279,-16,-0.7,-16,-0.1,-0.2,-0.99,1403257160,-0.6,16,16,0.1,0.4,-0.1,0.1,0.2
281,-16,-0.5,-16,-0.1,-0.2,-0.99,1403257260,-0.6,16,16,0.1,0.4,-0.1,0.1,0.2
283,-16,-0.3,-16,-0.1,-0.2,-0.99,1403257342,-0.6,16,16,0.1,0.4,-0.1,0.1,0.2
285,-16,-0.1,-16,-0.1,-0.2,-0.99,1403257462,-0.6,16,16,0.1,0.4,-0.1,0.1,0.2
287,-16,-1.0,-16,-0.1,-0.2,-0.99,1403257520,-0.6,16,16,0.1,0.4,-0.1,0.1,0.2
289,-16,-0.8,-16,-0.1,-0.2,-0.99,1403257564,-0.6,16,16,0.1,0.4,-0.1,0.1,0.2
291,-16,-0.6,-16,-0.1,-0.2,-0.99,1403257616,-0.6,16,16,0.1,0.4,-0.1,0.1,0.2
293,-16,-0.4,-16,-0.1,-0.2,-0.99,1403257667,-0.6,16,16,0.1,0.4,-0.1,0.1,0.2
295,-16,-0.2,-16,-0.1,-0.2,-0.99,1403257749,-0.6,16,16,0.1,0.4,-0.1,0.1,0.2
297,-16,0.0,-16,-0.1,-0.2,-0.99,1403257816,-0.6,16,16,0.1,0.4,-0.1,0.1,0.2
299,-16,-0.9,-16,-0.1,-0.2,-0.99,1403257861,-0.6,16,16,0.1,0.4,-0.1,0.1,0.2
301,-16,-0.7,-16,-0.1,-0.2,-0.99,1403257937,-0.6,16,16,0.1,0.4,-0.1,0.1,0.2
303,-16,-0.5,-16,-0.1,-0.2,-0.99,1403258063,-0.6,16,16,0.1,0.4,-0.1,0.1,0.2
305,-16,-0.3,-16,-0.1,-0.2,-0.99,1403258122,-0.6,16,16,0.1,0.4,-0.1,0.1,0.2
307,-16,-0.1,-16,-0.1,-0.2,-0.99,1403258227,-0.6,16,16,0.1,0.4,-0.1,0.1,0.2
309,-16,-1.0,-16,-0.1,-0.2,-0.99,1403258301,-0.6,16,16,0.1,0.4,-0.1,0.1,0.2
311,-16,-0.8,-16,-0.1,-0.2,-0.99,1403258370,-0.6,16,16,0.1,0.4,-0.1,0.1,0.2
313,-16,-0.6,-16,-0.1,-0.2,-0.99,1403258443,-0.6,16,16,0.1,0.4,-0.1,0.1,0.2
315,-16,-0.4,-16,-0.1,-0.2,-0.99,1403258524,-0.6,16,16,0.1,0.4,-0.1,0.1,0.2
317,-16,-0.2,-16,-0.1,-0.2,-0.99,1403258603,-0.6,16,16,0.1,0.4,-0.1,0.1,0.2
319,-16,0.0,-16,-0.1,-0.2,-0.99,1403258684,-0.6,16,16,0.1,0.4,-0.1,0.1,0.2
321,-16,-0.9,-16,-0.1,-0.2,-0.99,1403258818,-0.6,16,16,0.1,0.4,-0.1,0.1,0.2
323,-16,-0.7,-16,-0.1,-0.2,-0.99,1403258870,-0.6,16,16,0.1,0.4,-0.1,0.1,0.2
325,-16,-0.5,-16,-0.1,-0.2,-0.99,1403258948,-0.6,16,16,0.1,0.4,-0.1,0.1,0.2
327,-16,-0.3,-16,-0.1,-0.2,-0.99,1403259142,-0.6,16,16,0.1,0.4,-0.1,0.1,0.2
329,-16,-0.1,-16,-0.1,-0.2,-0.99,1403259232,-0.6,16,16,0.1,0.4,-0.1,0.1,0.2
331,-16,-1.0,-16,-0.1,-0.2,-0.99,1403259444,-0.6,16,16,0.1,0.4,-0.1,0.1,0.2
333,-16,-0.8,-16,-0.1,-0.2,-0.99,1403259660,-0.6,16,16,0.1,0.4,-0.1,0.1,0.2
335,-16,-0.6,-16,-0.1,-0.2,-0.99,1403259824,-0.6,16,16,0.1,0.4,-0.1,0.1,0.2
337,-16,-0.4,-16,-0.1,-0.2,-0.99,1403259942,-0.6,16,16,0.1,0.4,-0.1,0.1,0.2
339,-16,-0.2,-16,-0.1,-0.2,-0.99,1403260017,-0.6,16,16,0.1,0.4,-0.1,0.1,0.2
341,-16,0.0,-16,-0.1,-0.2,-0.99,1403260099,-0.6,16,16,0.1,0.4,-0.1,0.1,0.2
343,-16,-0.9,-16,-0.1,-0.2,-0.99,1403260149,-0.6,16,16,0.1,0.4,-0.1,0.1,0.2
345,-16,-0.7,-16,-0.1,-0.2,-0.99,1403260209,-0.6,16,16,0.1,0.4,-0.1,0.1,0.2
347,-16,-0.5,-16,-0.1,-0.2,-0.99,1403260275,-0.6,16,16,0.1,0.4,-0.1,0.1,0.2
349,-16,-0.3,-16,-0.1,-0.2,-0.99,1403260333,-0.6,16,16,0.1,0.4,-0.1,0.1,0.2
351,-16,-0.1,-16,-0.1,-0.2,-0.99,1403260410,-0.6,16,16,0.1,0.4,-0.1,0.1,0.2
353,-16,-1.0,-16,-0.1,-0.2,-0.99,1403260464,-0.6,16,16,0.1,0.4,-0.1,0.1,0.2
355,-16,-0.8,-16,-0.1,-0.2,-0.99,1403260525,-0.6,16,16,0.1,0.4,-0.1,0.1,0.2
357,-16,-0.6,-16,-0.1,-0.2,-0.99,1403260579,-0.6,16,16,0.1,0.4,-0.1,0.1,0.2
359,-16,-0.4,-16,-0.1,-0.2,-0.99,1403260627,-0.6,16,16,0.1,0.4,-0.1,0.1,0.2
361,-16,-0.2,-16,-0.1,-0.2,-0.99,1403260688,-0.6,16,16,0.1,0.4,-0.1,0.1,0.2
363,-16,0.0,-16,-0.1,-0.2,-0.99,1403260742,-0.6,16,16,0.1,0.4,-0.1,0.1,0.2
365,-16,-0.9,-16,-0.1,-0.2,-0.99,1403260793,-0.6,16,16,0.1,0.4,-0.1,0.1,0.2
367,-16,-0.7,-16,-0.1,-0.2,-0.99,1403260854,-0.6,16,16,0.1,0.4,-0.1,0.1,0.2
369,-16,-0.5,-16,-0.1,-0.2,-0.99,1403260899,-0.6,16,16,0.1,0.4,-0.1,0.1,0.2
371,-16,-0.3,-16,-0.1,-0.2,-0.99,1403260972,-0.6,16,16,0.1,0.4,-0.1,0.1,0.2
373,-16,-0.1,-16,-0.1,-0.2,-0.99,1403261057,-0.6,16,16,0.1,0.4,-0.1,0.1,0.2
375,-16,-1.0,-16,-0.1,-0.2,-0.99,1403261126,-0.6,16,16,0.1,0.4,-0.1,0.1,0.2
377,-16,-0.8,-16,-0.1,-0.2,-0.99,1403261170,-0.6,16,16,0.1,0.4,-0.1,0.1,0.2
379,-16,-0.6,-16,-0.1,-0.2,-0.99,1403261212,-0.6,16,16,0.1,0.4,-0.1,0.1,0.2
381,-16,-0.4,-16,-0.1,-0.2,-0.99,1403261266,-0.6,16,16,0.1,0.4,-0.1,0.1,0.2
383,-16,-0.2,-16,-0.1,-0.2,-0.99,1403261311,-0.6,16,16,0.1,0.4,-0.1,0.1,0.2
385,-16,0.0,-16,-0.1,-0.2,-0.99,1403261388,-0.6,16,16,0.1,0.4,-0.1,0.1,0.2
387,-16,-0.9,-16,-0.1,-0.2,-0.99,1403261447,-0.6,16,16,0.1,0.4,-0.1,0.1,0.2
389,-16,-0.7,-16,-0.1,-0.2,-0.99,1403261486,-0.6,16,16,0.1,0.4,-0.1,0.1,0.2
391,-16,-0.5,-16,-0.1,-0.2,-0.99,1403261537,-0.6,16,16,0.1,0.4,-0.1,0.1,0.2
393,-16,-0.3,-16,-0.1,-0.2,-0.99,1403261584,-0.6,16,16,0.1,0.4,-0.1,0.1,0.2
395,-16,-0.1,-16,-0.1,-0.2,-0.99,1403261635,-0.6,16,16,0.1,0.4,-0.1,0.1,0.2
397,-16,-1.0,-16,-0.1,-0.2,-0.99,1403261685,-0.6,16,16,0.1,0.4,-0.1,0.1,0.2
399,-16,-0.8,-16,-0.1,-0.2,-0.99,1403261731,-0.6,16,16,0.1,0.4,-0.1,0.1,0.2
401,-16,-0.6,-16,-0.1,-0.2,-0.99,1403261773,-0.6,16,16,0.1,0.4,-0.1,0.1,0.2
403,-16,-0.4,-16,-0.1,-0.2,-0.99,1403261829,-0.6,16,16,0.1,0.4,-0.1,0.1,0.2
405,-16,-0.2,-16,-0.1,-0.2,-0.99,1403261883,-0.6,16,16,0.1,0.4,-0.1,0.1,0.2
407,-16,0.0,-16,-0.1,-0.2,-0.99,1403261919,-0.6,16,16,0.1,0.4,-0.1,0.1,0.2
409,-16,-0.9,-16,-0.1,-0.2,-0.99,1403261965,-0.6,16,16,0.1,0.4,-0.1,0.1,0.2
411,-16,-0.7,-16,-0.1,-0.2,-0.99,1403262002,-0.6,16,16,0.1,0.4,-0.1,0.1,0.2
413,-16,-0.5,-16,-0.1,-0.2,-0.99,1403262059,-0.6,16,16,0.1,0.4,-0.1,0.1,0.2
415,-16,-0.3,-16,-0.1,-0.2,-0.99,1403262113,-0.6,16,16,0.1,0.4,-0.1,0.1,0.2
417,-16,-0.1,-16,-0.1,-0.2,-0.99,1403262173,-0.6,16,16,0.1,0.4,-0.1,0.1,0.2
419,-16,-1.0,-16,-0.1,-0.2,-0.99,1403262226,-0.6,16,16,0.1,0.4,-0.1,0.1,0.2
421,-16,-0.8,-16,-0.1,-0.2,-0.99,1403262286,-0.6,16,16,0.1,0.4,-0.1,0.1,0.2
423,-16,-0.6,-16,-0.1,-0.2,-0.99,1403262328,-0.6,16,16,0.1,0.4,-0.1,0.1,0.2
425,-16,-0.4,-16,-0.1,-0.2,-0.99,1403262379,-0.6,16,16,0.1,0.4,-0.1,0.1,0.2
427,-16,-0.2,-16,-0.1,-0.2,-0.99,1403262419,-0.6,16,16,0.1,0.4,-0.1,0.1,0.2
429,-16,0.0,-16,-0.1,-0.2,-0.99,1403262456,-0.6,16,16,0.1,0.4,-0.1,0.1,0.2
431,-16,-0.9,-16,-0.1,-0.2,-0.99,1403262515,-0.6,16,16,0.1,0.4,-0.1,0.1,0.2
433,-16,-0.7,-16,-0.1,-0.2,-0.99,1403262594,-0.6,16,16,0.1,0.4,-0.1,0.1,0.2
435,-16,-0.5,-16,-0.1,-0.2,-0.99,1403262642,-0.6,16,16,0.1,0.4,-0.1,0.1,0.2
437,-16,-0.3,-16,-0.1,-0.2,-0.99,1403262702,-0.6,16,16,0.1,0.4,-0.1,0.1,0.2
439,-16,-0.1,-16,-0.1,-0.2,-0.99,1403262773,-0.6,16,16,0.1,0.4,-0.1,0.1,0.2
2,-16,-0.9,-16,-0.1,-0.2,-0.99,1403238485,-0.6,16,16,0.1,0.4,-0.1,0.1,0.2
4,-16,-0.7,-16,-0.1,-0.2,-0.99,1403242825,-0.6,16,16,0.1,0.4,-0.1,0.1,0.2
6,-16,-0.5,-16,-0.1,-0.2,-0.99,1403243555,-0.6,16,16,0.1,0.4,-0.1,0.1,0.2
8,-16,-0.3,-16,-0.1,-0.2,-0.99,1403243935,-0.6,16,16,0.1,0.4,-0.1,0.1,0.2
10,-16,-0.1,-16,-0.1,-0.2,-0.99,1403244863,-0.6,16,16,0.1,0.4,-0.1,0.1,0.2
12,-16,-1.0,-16,-0.1,-0.2,-0.99,1403245281,-0.6,16,16,0.1,0.4,-0.1,0.1,0.2
14,-16,-0.8,-16,-0.1,-0.2,-0.99,1403245614,-0.6,16,16,0.1,0.4,-0.1,0.1,0.2
16,-16,-0.6,-16,-0.1,-0.2,-0.99,1403245765,-0.6,16,16,0.1,0.4,-0.1,0.1,0.2
18,-16,-0.4,-16,-0.1,-0.2,-0.99,1403246158,-0.6,16,16,0.1,0.4,-0.1,0.1,0.2
20,-16,-0.2,-16,-0.1,-0.2,-0.99,1403246398,-0.6,16,16,0.1,0.4,-0.1,0.1,0.2
22,-16,0.0,-16,-0.1,-0.2,-0.99,1403246612,-0.6,16,16,0.1,0.4,-0.1,0.1,0.2
24,-16,-0.9,-16,-0.1,-0.2,-0.99,1403246800,-0.6,16,16,0.1,0.4,-0.1,0.1,0.2
26,-16,-0.7,-16,-0.1,-0.2,-0.99,1403247047,-0.6,16,16,0.1,0.4,-0.1,0.1,0.2
28,-16,-0.5,-16,-0.1,-0.2,-0.99,1403247172,-0.6,16,16,0.1,0.4,-0.1,0.1,0.2
30,-16,-0.3,-16,-0.1,-0.2,-0.99,1403247240,-0.6,16,16,0.1,0.4,-0.1,0.1,0.2
32,-16,-0.1,-16,-0.1,-0.2,-0.99,1403247313,-0.6,16,16,0.1,0.4,-0.1,0.1,0.2
34,-16,-1.0,-16,-0.1,-0.2,-0.99,1403247494,-0.6,16,16,0.1,0.4,-0.1,0.1,0.2
36,-16,-0.8,-16,-0.1,-0.2,-0.99,1403247566,-0.6,16,16,0.1,0.4,-0.1,0.1,0.2
38,-16,-0.6,-16,-0.1,-0.2,-0.99,1403247629,-0.6,16,16,0.1,0.4,-0.1,0.1,0.2
40,-16,-0.4,-16,-0.1,-0.2,-0.99,1403247699,-0.6,16,16,0.1,0.4,-0.1,0.1,0.2
42,-16,-0.2,-16,-0.1,-0.2,-0.99,1403247800,-0.6,16,16,0.1,0.4,-0.1,0.1,0.2
44,-16,0.0,-16,-0.1,-0.2,-0.99,1403247934,-0.6,16,16,0.1,0.4,-0.1,0.1,0.2
46,-16,-0.9,-16,-0.1,-0.2,-0.99,1403248034,-0.6,16,16,0.1,0.4,-0.1,0.1,0.2
48,-16,-0.7,-16,-0.1,-0.2,-0.99,1403248128,-0.6,16,16,0.1,0.4,-0.1,0.1,0.2
50,-16,-0.5,-16,-0.1,-0.2,-0.99,1403248295,-0.6,16,16,0.1,0.4,-0.1,0.1,0.2
52,-16,-0.3,-16,-0.1,-0.2,-0.99,1403248435,-0.6,16,16,0.1,0.4,-0.1,0.1,0.2
54,-16,-0.1,-16,-0.1,-0.2,-0.99,1403248553,-0.6,16,16,0.1,0.4,-0.1,0.1,0.2
56,-16,-1.0,-16,-0.1,-0.2,-0.99,1403248690,-0.6,16,16,0.1,0.4,-0.1,0.1,0.2
58,-16,-0.8,-16,-0.1,-0.2,-0.99,1403248855,-0.6,16,16,0.1,0.4,-0.1,0.1,0.2
60,-16,-0.6,-16,-0.1,-0.2,-0.99,1403248937,-0.6,16,16,0.1,0.4,-0.1,0.1,0.2
62,-16,-0.4,-16,-0.1,-0.2,-0.99,1403249067,-0.6,16,16,0.1,0.4,-0.1,0.1,0.2
64,-16,-0.2,-16,-0.1,-0.2,-0.99,1403249193,-0.6,16,16,0.1,0.4,-0.1,0.1,0.2
66,-16,0.0,-16,-0.1,-0.2,-0.99,1403249381,-0.6,16,16,0.1,0.4,-0.1,0.1,0.2
68,-16,-0.9,-16,-0.1,-0.2,-0.99,1403249444,-0.6,16,16,0.1,0.4,-0.1,0.1,0.2
70,-16,-0.7,-16,-0.1,-0.2,-0.99,1403249517,-0.6,16,16,0.1,0.4,-0.1,0.1,0.2
72,-16,-0.5,-16,-0.1,-0.2,-0.99,1403249592,-0.6,16,16,0.1,0.4,-0.1,0.1,0.2
74,-16,-0.3,-16,-0.1,-0.2,-0.99,1403249654,-0.6,16,16,0.1,0.4,-0.1,0.1,0.2
76,-16,-0.1,-16,-0.1,-0.2,-0.99,1403249752,-0.6,16,16,0.1,0.4,-0.1,0.1,0.2
78,-16,-1.0,-16,-0.1,-0.2,-0.99,1403249866,-0.6,16,16,0.1,0.4,-0.1,0.1,0.2
80,-16,-0.8,-16,-0.1,-0.2,-0.99,1403249984,-0.6,16,16,0.1,0.4,-0.1,0.1,0.2
82,-16,-0.6,-16,-0.1,-0.2,-0.99,1403250084,-0.6,16,16,0.1,0.4,-0.1,0.1,0.2
84,-16,-0.4,-16,-0.1,-0.2,-0.99,1403250267,-0.6,16,16,0.1,0.4,-0.1,0.1,0.2
86,-16,-0.2,-16,-0.1,-0.2,-0.99,1403250338,-0.6,16,16,0.1,0.4,-0.1,0.1,0.2
88,-16,0.0,-16,-0.1,-0.2,-0.99,1403250404,-0.6,16,16,0.1,0.4,-0.1,0.1,0.2
90,-16,-0.9,-16,-0.1,-0.2,-0.99,1403250457,-0.6,16,16,0.1,0.4,-0.1,0.1,0.2
92,-16,-0.7,-16,-0.1,-0.2,-0.99,1403250536,-0.6,16,16,0.1,0.4,-0.1,0.1,0.2
94,-16,-0.5,-16,-0.1,-0.2,-0.99,1403250619,-0.6,16,16,0.1,0.4,-0.1,0.1,0.2
96,-16,-0.3,-16,-0.1,-0.2,-0.99,1403250699,-0.6,16,16,0.1,0.4,-0.1,0.1,0.2
98,-16,-0.1,-16,-0.1,-0.2,-0.99,1403250768,-0.6,16,16,0.1,0.4,-0.1,0.1,0.2
100,-16,-1.0,-16,-0.1,-0.2,-0.99,1403250860,-0.6,16,16,0.1,0.4,-0.1,0.1,0.2
102,-16,-0.8,-16,-0.1,-0.2,-0.99,1403250948,-0.6,16,16,0.1,0.4,-0.1,0.1,0.2
104,-16,-0.6,-16,-0.1,-0.2,-0.99,1403251036,-0.6,16,16,0.1,0.4,-0.1,0.1,0.2
106,-16,-0.4,-16,-0.1,-0.2,-0.99,1403251092,-0.6,16,16,0.1,0.4,-0.1,0.1,0.2
108,-16,-0.2,-16,-0.1,-0.2,-0.99,1403251154,-0.6,16,16,0.1,0.4,-0.1,0.1,0.2
110,-16,0.0,-16,-0.1,-0.2,-0.99,1403251230,-0.6,16,16,0.1,0.4,-0.1,0.1,0.2
112,-16,-0.9,-16,-0.1,-0.2,-0.99,1403251286,-0.6,16,16,0.1,0.4,-0.1,0.1,0.2
114,-16,-0.7,-16,-0.1,-0.2,-0.99,1403251353,-0.6,16,16,0.1,0.4,-0.1,0.1,0.2
116,-16,-0.5,-16,-0.1,-0.2,-0.99,1403251400,-0.6,16,16,0.1,0.4,-0.1,0.1,0.2
118,-16,-0.3,-16,-0.1,-0.2,-0.99,1403251462,-0.6,16,16,0.1,0.4,-0.1,0.1,0.2
120,-16,-0.1,-16,-0.1,-0.2,-0.99,1403251528,-0.6,16,16,0.1,0.4,-0.1,0.1,0.2
122,-16,-1.0,-16,-0.1,-0.2,-0.99,1403251585,-0.6,16,16,0.1,0.4,-0.1,0.1,0.2
124,-16,-0.8,-16,-0.1,-0.2,-0.99,1403251648,-0.6,16,16,0.1,0.4,-0.1,0.1,0.2
126,-16,-0.6,-16,-0.1,-0.2,-0.99,1403251717,-0.6,16,16,0.1,0.4,-0.1,0.1,0.2
128,-16,-0.4,-16,-0.1,-0.2,-0.99,1403251778,-0.6,16,16,0.1,0.4,-0.1,0.1,0.2
130,-16,-0.2,-16,-0.1,-0.2,-0.99,1403251836,-0.6,16,16,0.1,0.4,-0.1,0.1,0.2
132,-16,0.0,-16,-0.1,-0.2,-0.99,1403251917,-0.6,16,16,0.1,0.4,-0.1,0.1,0.2
134,-16,-0.9,-16,-0.1,-0.2,-0.99,1403251989,-0.6,16,16,0.1,0.4,-0.1,0.1,0.2
136,-16,-0.7,-16,-0.1,-0.2,-0.99,1403252038,-0.6,16,16,0.1,0.4,-0.1,0.1,0.2
138,-16,-0.5,-16,-0.1,-0.2,-0.99,1403252101,-0.6,16,16,0.1,0.4,-0.1,0.1,0.2
140,-16,-0.3,-16,-0.1,-0.2,-0.99,1403252162,-0.6,16,16,0.1,0.4,-0.1,0.1,0.2
142,-16,-0.1,-16,-0.1,-0.2,-0.99,1403252233,-0.6,16,16,0.1,0.4,-0.1,0.1,0.2
144,-16,-1.0,-16,-0.1,-0.2,-0.99,1403252301,-0.6,16,16,0.1,0.4,-0.1,0.1,0.2
146,-16,-0.8,-16,-0.1,-0.2,-0.99,1403252355,-0.6,16,16,0.1,0.4,-0.1,0.1,0.2
148,-16,-0.6,-16,-0.1,-0.2,-0.99,1403252400,-0.6,16,16,0.1,0.4,-0.1,0.1,0.2
150,-16,-0.4,-16,-0.1,-0.2,-0.99,1403252484,-0.6,16,16,0.1,0.4,-0.1,0.1,0.2
152,-16,-0.2,-16,-0.1,-0.2,-0.99,1403252564,-0.6,16,16,0.1,0.4,-0.1,0.1,0.2
154,-16,0.0,-16,-0.1,-0.2,-0.99,1403252808,-0.6,16,16,0.1,0.4,-0.1,0.1,0.2
156,-16,-0.9,-16,-0.1,-0.2,-0.99,1403252878,-0.6,16,16,0.1,0.4,-0.1,0.1,0.2
158,-16,-0.7,-16,-0.1,-0.2,-0.99,1403252935,-0.6,16,16,0.1,0.4,-0.1,0.1,0.2
160,-16,-0.5,-16,-0.1,-0.2,-0.99,1403252983,-0.6,16,16,0.1,0.4,-0.1,0.1,0.2
162,-16,-0.3,-16,-0.1,-0.2,-0.99,1403253089,-0.6,16,16,0.1,0.4,-0.1,0.1,0.2
164,-16,-0.1,-16,-0.1,-0.2,-0.99,1403253153,-0.6,16,16,0.1,0.4,-0.1,0.1,0.2
166,-16,-1.0,-16,-0.1,-0.2,-0.99,1403253204,-0.6,16,16,0.1,0.4,-0.1,0.1,0.2
168,-16,-0.8,-16,-0.1,-0.2,-0.99,1403253247,-0.6,16,16,0.1,0.4,-0.1,0.1,0.2
170,-16,-0.6,-16,-0.1,-0.2,-0.99,1403253304,-0.6,16,16,0.1,0.4,-0.1,0.1,0.2
172,-16,-0.4,-16,-0.1,-0.2,-0.99,1403253350,-0.6,16,16,0.1,0.4,-0.1,0.1,0.2
174,-16,-0.2,-16,-0.1,-0.2,-0.99,1403253401,-0.6,16,16,0.1,0.4,-0.1,0.1,0.2
176,-16,0.0,-16,-0.1,-0.2,-0.99,1403253449,-0.6,16,16,0.1,0.4,-0.1,0.1,0.2
178,-16,-0.9,-16,-0.1,-0.2,-0.99,1403253524,-0.6,16,16,0.1,0.4,-0.1,0.1,0.2
180,-16,-0.7,-16,-0.1,-0.2,-0.99,1403253591,-0.6,16,16,0.1,0.4,-0.1,0.1,0.2
182,-16,-0.5,-16,-0.1,-0.2,-0.99,1403253658,-0.6,16,16,0.1,0.4,-0.1,0.1,0.2
184,-16,-0.3,-16,-0.1,-0.2,-0.99,1403253712,-0.6,16,16,0.1,0.4,-0.1,0.1,0.2
186,-16,-0.1,-16,-0.1,-0.2,-0.99,1403253791,-0.6,16,16,0.1,0.4,-0.1,0.1,0.2
188,-16,-1.0,-16,-0.1,-0.2,-0.99,1403253876,-0.6,16,16,0.1,0.4,-0.1,0.1,0.2
190,-16,-0.8,-16,-0.1,-0.2,-0.99,1403253985,-0.6,16,16,0.1,0.4,-0.1,0.1,0.2
192,-16,-0.6,-16,-0.1,-0.2,-0.99,1403254034,-0.6,16,16,0.1,0.4,-0.1,0.1,0.2
194,-16,-0.4,-16,-0.1,-0.2,-0.99,1403254098,-0.6,16,16,0.1,0.4,-0.1,0.1,0.2
196,-16,-0.2,-16,-0.1,-0.2,-0.99,1403254175,-0.6,16,16,0.1,0.4,-0.1,0.1,0.2
198,-16,0.0,-16,-0.1,-0.2,-0.99,1403254231,-0.6,16,16,0.1,0.4,-0.1,0.1,0.2
200,-16,-0.9,-16,-0.1,-0.2,-0.99,1403254280,-0.6,16,16,0.1,0.4,-0.1,0.1,0.2
202,-16,-0.7,-16,-0.1,-0.2,-0.99,1403254330,-0.6,16,16,0.1,0.4,-0.1,0.1,0.2
204,-16,-0.5,-16,-0.1,-0.2,-0.99,1403254408,-0.6,16,16,0.1,0.4,-0.1,0.1,0.2
206,-16,-0.3,-16,-0.1,-0.2,-0.99,1403254460,-0.6,16,16,0.1,0.4,-0.1,0.1,0.2
208,-16,-0.1,-16,-0.1,-0.2,-0.99,1403254511,-0.6,16,16,0.1,0.4,-0.1,0.1,0.2
210,-16,-1.0,-16,-0.1,-0.2,-0.99,1403254557,-0.6,16,16,0.1,0.4,-0.1,0.1,0.2
212,-16,-0.8,-16,-0.1,-0.2,-0.99,1403254629,-0.6,16,16,0.1,0.4,-0.1,0.1,0.2
214,-16,-0.6,-16,-0.1,-0.2,-0.99,1403254679,-0.6,16,16,0.1,0.4,-0.1,0.1,0.2
216,-16,-0.4,-16,-0.1,-0.2,-0.99,1403254733,-0.6,16,16,0.1,0.4,-0.1,0.1,0.2
218,-16,-0.2,-16,-0.1,-0.2,-0.99,1403254815,-0.6,16,16,0.1,0.4,-0.1,0.1,0.2
220,-16,0.0,-16,-0.1,-0.2,-0.99,1403254892,-0.6,16,16,0.1,0.4,-0.1,0.1,0.2
222,-16,-0.9,-16,-0.1,-0.2,-0.99,1403254970,-0.6,16,16,0.1,0.4,-0.1,0.1,0.2
224,-16,-0.7,-16,-0.1,-0.2,-0.99,1403255143,-0.6,16,16,0.1,0.4,-0.1,0.1,0.2
226,-16,-0.5,-16,-0.1,-0.2,-0.99,1403255243,-0.6,16,16,0.1,0.4,-0.1,0.1,0.2
228,-16,-0.3,-16,-0.1,-0.2,-0.99,1403255375,-0.6,16,16,0.1,0.4,-0.1,0.1,0.2
230,-16,-0.1,-16,-0.1,-0.2,-0.99,1403255760,-0.6,16,16,0.1,0.4,-0.1,0.1,0.2
232,-16,-1.0,-16,-0.1,-0.2,-0.99,1403255816,-0.6,16,16,0.1,0.4,-0.1,0.1,0.2
234,-16,-0.8,-16,-0.1,-0.2,-0.99,1403255897,-0.6,16,16,0.1,0.4,-0.1,0.1,0.2
236,-16,-0.6,-16,-0.1,-0.2,-0.99,1403255995,-0.6,16,16,0.1,0.4,-0.1,0.1,0.2
238,-16,-0.4,-16,-0.1,-0.2,-0.99,1403256046,-0.6,16,16,0.1,0.4,-0.1,0.1,0.2
240,-16,-0.2,-16,-0.1,-0.2,-0.99,1403256114,-0.6,16,16,0.1,0.4,-0.1,0.1,0.2
242,-16,0.0,-16,-0.1,-0.2,-0.99,1403256156,-0.6,16,16,0.1,0.4,-0.1,0.1,0.2
244,-16,-0.9,-16,-0.1,-0.2,-0.99,1403256230,-0.6,16,16,0.1,0.4,-0.1,0.1,0.2
246,-16,-0.7,-16,-0.1,-0.2,-0.99,1403256274,-0.6,16,16,0.1,0.4,-0.1,0.1,0.2
248,-16,-0.5,-16,-0.1,-0.2,-0.99,1403256333,-0.6,16,16,0.1,0.4,-0.1,0.1,0.2
250,-16,-0.3,-16,-0.1,-0.2,-0.99,1403256387,-0.6,16,16,0.1,0.4,-0.1,0.1,0.2
252,-16,-0.1,-16,-0.1,-0.2,-0.99,1403256444,-0.6,16,16,0.1,0.4,-0.1,0.1,0.2
254,-16,-1.0,-16,-0.1,-0.2,-0.99,1403256497,-0.6,16,16,0.1,0.4,-0.1,0.1,0.2
256,-16,-0.8,-16,-0.1,-0.2,-0.99,1403256541,-0.6,16,16,0.1,0.4,-0.1,0.1,0.2
258,-16,-0.6,-16,-0.1,-0.2,-0.99,1403256592,-0.6,16,16,0.1,0.4,-0.1,0.1,0.2
260,-16,-0.4,-16,-0.1,-0.2,-0.99,1403256653,-0.6,16,16,0.1,0.4,-0.1,0.1,0.2
262,-16,-0.2,-16,-0.1,-0.2,-0.99,1403256706,-0.6,16,16,0.1,0.4,-0.1,0.1,0.2
264,-16,0.0,-16,-0.1,-0.2,-0.99,1403256762,-0.6,16,16,0.1,0.4,-0.1,0.1,0.2
266,-16,-0.9,-16,-0.1,-0.2,-0.99,1403256822,-0.6,16,16,0.1,0.4,-0.1,0.1,0.2
268,-16,-0.7,-16,-0.1,-0.2,-0.99,1403256922,-0.6,16,16,0.1,0.4,-0.1,0.1,0.2
270,-16,-0.5,-16,-0.1,-0.2,-0.99,1403256996,-0.6,16,16,0.1,0.4,-0.1,0.1,0.2
272,-16,-0.3,-16,-0.1,-0.2,-0.99,1403257063,-0.6,16,16,0.1,0.4,-0.1,0.1,0.2
274,-16,-0.1,-16,-0.1,-0.2,-0.99,1403257131,-0.6,16,16,0.1,0.4,-0.1,0.1,0.2
276,-16,-1.0,-16,-0.1,-0.2,-0.99,1403257199,-0.6,16,16,0.1,0.4,-0.1,0.1,0.2
278,-16,-0.8,-16,-0.1,-0.2,-0.99,1403257285,-0.6,16,16,0.1,0.4,-0.1,0.1,0.2
280,-16,-0.6,-16,-0.1,-0.2,-0.99,1403257343,-0.6,16,16,0.1,0.4,-0.1,0.1,0.2
282,-16,-0.4,-16,-0.1,-0.2,-0.99,1403257424,-0.6,16,16,0.1,0.4,-0.1,0.1,0.2
284,-16,-0.2,-16,-0.1,-0.2,-0.99,1403257483,-0.6,16,16,0.1,0.4,-0.1,0.1,0.2
286,-16,0.0,-16,-0.1,-0.2,-0.99,1403257524,-0.6,16,16,0.1,0.4,-0.1,0.1,0.2
288,-16,-0.9,-16,-0.1,-0.2,-0.99,1403257574,-0.6,16,16,0.1,0.4,-0.1,0.1,0.2
290,-16,-0.7,-16,-0.1,-0.2,-0.99,1403257629,-0.6,16,16,0.1,0.4,-0.1,0.1,0.2
292,-16,-0.5,-16,-0.1,-0.2,-0.99,1403257697,-0.6,16,16,0.1,0.4,-0.1,0.1,0.2
294,-16,-0.3,-16,-0.1,-0.2,-0.99,1403257776,-0.6,16,16,0.1,0.4,-0.1,0.1,0.2
296,-16,-0.1,-16,-0.1,-0.2,-0.99,1403257822,-0.6,16,16,0.1,0.4,-0.1,0.1,0.2
298,-16,-1.0,-16,-0.1,-0.2,-0.99,1403257884,-0.6,16,16,0.1,0.4,-0.1,0.1,0.2
300,-16,-0.8,-16,-0.1,-0.2,-0.99,1403257951,-0.6,16,16,0.1,0.4,-0.1,0.1,0.2
302,-16,-0.6,-16,-0.1,-0.2,-0.99,1403258016,-0.6,16,16,0.1,0.4,-0.1,0.1,0.2
304,-16,-0.4,-16,-0.1,-0.2,-0.99,1403258160,-0.6,16,16,0.1,0.4,-0.1,0.1,0.2
306,-16,-0.2,-16,-0.1,-0.2,-0.99,1403258237,-0.6,16,16,0.1,0.4,-0.1,0.1,0.2
308,-16,0.0,-16,-0.1,-0.2,-0.99,1403258303,-0.6,16,16,0.1,0.4,-0.1,0.1,0.2
310,-16,-0.9,-16,-0.1,-0.2,-0.99,1403258395,-0.6,16,16,0.1,0.4,-0.1,0.1,0.2
312,-16,-0.7,-16,-0.1,-0.2,-0.99,1403258480,-0.6,16,16,0.1,0.4,-0.1,0.1,0.2
314,-16,-0.5,-16,-0.1,-0.2,-0.99,1403258547,-0.6,16,16,0.1,0.4,-0.1,0.1,0.2
316,-16,-0.3,-16,-0.1,-0.2,-0.99,1403258617,-0.6,16,16,0.1,0.4,-0.1,0.1,0.2
318,-16,-0.1,-16,-0.1,-0.2,-0.99,1403258793,-0.6,16,16,0.1,0.4,-0.1,0.1,0.2
320,-16,-1.0,-16,-0.1,-0.2,-0.99,1403258855,-0.6,16,16,0.1,0.4,-0.1,0.1,0.2
322,-16,-0.8,-16,-0.1,-0.2,-0.99,1403258907,-0.6,16,16,0.1,0.4,-0.1,0.1,0.2
324,-16,-0.6,-16,-0.1,-0.2,-0.99,1403259102,-0.6,16,16,0.1,0.4,-0.1,0.1,0.2
326,-16,-0.4,-16,-0.1,-0.2,-0.99,1403259290,-0.6,16,16,0.1,0.4,-0.1,0.1,0.2
328,-16,-0.2,-16,-0.1,-0.2,-0.99,1403259373,-0.6,16,16,0.1,0.4,-0.1,0.1,0.2
330,-16,0.0,-16,-0.1,-0.2,-0.99,1403259525,-0.6,16,16,0.1,0.4,-0.1,0.1,0.2
332,-16,-0.9,-16,-0.1,-0.2,-0.99,1403259598,-0.6,16,16,0.1,0.4,-0.1,0.1,0.2
334,-16,-0.7,-16,-0.1,-0.2,-0.99,1403259730,-0.6,16,16,0.1,0.4,-0.1,0.1,0.2
336,-16,-0.5,-16,-0.1,-0.2,-0.99,1403259892,-0.6,16,16,0.1,0.4,-0.1,0.1,0.2
338,-16,-0.3,-16,-0.1,-0.2,-0.99,1403259965,-0.6,16,16,0.1,0.4,-0.1,0.1,0.2
340,-16,-0.1,-16,-0.1,-0.2,-0.99,1403260033,-0.6,16,16,0.1,0.4,-0.1,0.1,0.2
342,-16,-1.0,-16,-0.1,-0.2,-0.99,1403260118,-0.6,16,16,0.1,0.4,-0.1,0.1,0.2
344,-16,-0.8,-16,-0.1,-0.2,-0.99,1403260178,-0.6,16,16,0.1,0.4,-0.1,0.1,0.2
346,-16,-0.6,-16,-0.1,-0.2,-0.99,1403260252,-0.6,16,16,0.1,0.4,-0.1,0.1,0.2
348,-16,-0.4,-16,-0.1,-0.2,-0.99,1403260323,-0.6,16,16,0.1,0.4,-0.1,0.1,0.2
350,-16,-0.2,-16,-0.1,-0.2,-0.99,1403260398,-0.6,16,16,0.1,0.4,-0.1,0.1,0.2
352,-16,0.0,-16,-0.1,-0.2,-0.99,1403260452,-0.6,16,16,0.1,0.4,-0.1,0.1,0.2
354,-16,-0.9,-16,-0.1,-0.2,-0.99,1403260497,-0.6,16,16,0.1,0.4,-0.1,0.1,0.2
356,-16,-0.7,-16,-0.1,-0.2,-0.99,1403260558,-0.6,16,16,0.1,0.4,-0.1,0.1,0.2
358,-16,-0.5,-16,-0.1,-0.2,-0.99,1403260619,-0.6,16,16,0.1,0.4,-0.1,0.1,0.2
360,-16,-0.3,-16,-0.1,-0.2,-0.99,1403260657,-0.6,16,16,0.1,0.4,-0.1,0.1,0.2
362,-16,-0.1,-16,-0.1,-0.2,-0.99,1403260717,-0.6,16,16,0.1,0.4,-0.1,0.1,0.2
364,-16,-1.0,-16,-0.1,-0.2,-0.99,1403260771,-0.6,16,16,0.1,0.4,-0.1,0.1,0.2
366,-16,-0.8,-16,-0.1,-0.2,-0.99,1403260827,-0.6,16,16,0.1,0.4,-0.1,0.1,0.2
368,-16,-0.6,-16,-0.1,-0.2,-0.99,1403260879,-0.6,16,16,0.1,0.4,-0.1,0.1,0.2
370,-16,-0.4,-16,-0.1,-0.2,-0.99,1403260930,-0.6,16,16,0.1,0.4,-0.1,0.1,0.2
372,-16,-0.2,-16,-0.1,-0.2,-0.99,1403261004,-0.6,16,16,0.1,0.4,-0.1,0.1,0.2
374,-16,0.0,-16,-0.1,-0.2,-0.99,1403261072,-0.6,16,16,0.1,0.4,-0.1,0.1,0.2
376,-16,-0.9,-16,-0.1,-0.2,-0.99,1403261131,-0.6,16,16,0.1,0.4,-0.1,0.1,0.2
378,-16,-0.7,-16,-0.1,-0.2,-0.99,1403261186,-0.6,16,16,0.1,0.4,-0.1,0.1,0.2
380,-16,-0.5,-16,-0.1,-0.2,-0.99,1403261255,-0.6,16,16,0.1,0.4,-0.1,0.1,0.2
382,-16,-0.3,-16,-0.1,-0.2,-0.99,1403261296,-0.6,16,16,0.1,0.4,-0.1,0.1,0.2
384,-16,-0.1,-16,-0.1,-0.2,-0.99,1403261371,-0.6,16,16,0.1,0.4,-0.1,0.1,0.2
386,-16,-1.0,-16,-0.1,-0.2,-0.99,1403261429,-0.6,16,16,0.1,0.4,-0.1,0.1,0.2
388,-16,-0.8,-16,-0.1,-0.2,-0.99,1403261470,-0.6,16,16,0.1,0.4,-0.1,0.1,0.2
390,-16,-0.6,-16,-0.1,-0.2,-0.99,1403261513,-0.6,16,16,0.1,0.4,-0.1,0.1,0.2
392,-16,-0.4,-16,-0.1,-0.2,-0.99,1403261563,-0.6,16,16,0.1,0.4,-0.1,0.1,0.2
394,-16,-0.2,-16,-0.1,-0.2,-0.99,1403261609,-0.6,16,16,0.1,0.4,-0.1,0.1,0.2
396,-16,0.0,-16,-0.1,-0.2,-0.99,1403261656,-0.6,16,16,0.1,0.4,-0.1,0.1,0.2
398,-16,-0.9,-16,-0.1,-0.2,-0.99,1403261700,-0.6,16,16,0.1,0.4,-0.1,0.1,0.2
400,-16,-0.7,-16,-0.1,-0.2,-0.99,1403261744,-0.6,16,16,0.1,0.4,-0.1,0.1,0.2
402,-16,-0.5,-16,-0.1,-0.2,-0.99,1403261785,-0.6,16,16,0.1,0.4,-0.1,0.1,0.2
404,-16,-0.3,-16,-0.1,-0.2,-0.99,1403261838,-0.6,16,16,0.1,0.4,-0.1,0.1,0.2
406,-16,-0.1,-16,-0.1,-0.2,-0.99,1403261880,-0.6,16,16,0.1,0.4,-0.1,0.1,0.2
408,-16,-1.0,-16,-0.1,-0.2,-0.99,1403261923,-0.6,16,16,0.1,0.4,-0.1,0.1,0.2
410,-16,-0.8,-16,-0.1,-0.2,-0.99,1403261976,-0.6,16,16,0.1,0.4,-0.1,0.1,0.2
412,-16,-0.6,-16,-0.1,-0.2,-0.99,1403262027,-0.6,16,16,0.1,0.4,-0.1,0.1,0.2
414,-16,-0.4,-16,-0.1,-0.2,-0.99,1403262078,-0.6,16,16,0.1,0.4,-0.1,0.1,0.2
416,-16,-0.2,-16,-0.1,-0.2,-0.99,1403262148,-0.6,16,16,0.1,0.4,-0.1,0.1,0.2
418,-16,0.0,-16,-0.1,-0.2,-0.99,1403262196,-0.6,16,16,0.1,0.4,-0.1,0.1,0.2
420,-16,-0.9,-16,-0.1,-0.2,-0.99,1403262253,-0.6,16,16,0.1,0.4,-0.1,0.1,0.2
422,-16,-0.7,-16,-0.1,-0.2,-0.99,1403262301,-0.6,16,16,0.1,0.4,-0.1,0.1,0.2
424,-16,-0.5,-16,-0.1,-0.2,-0.99,1403262344,-0.6,16,16,0.1,0.4,-0.1,0.1,0.2
426,-16,-0.3,-16,-0.1,-0.2,-0.99,1403262395,-0.6,16,16,0.1,0.4,-0.1,0.1,0.2
428,-16,-0.1,-16,-0.1,-0.2,-0.99,1403262441,-0.6,16,16,0.1,0.4,-0.1,0.1,0.2
430,-16,-1.0,-16,-0.1,-0.2,-0.99,1403262491,-0.6,16,16,0.1,0.4,-0.1,0.1,0.2
432,-16,-0.8,-16,-0.1,-0.2,-0.99,1403262561,-0.6,16,16,0.1,0.4,-0.1,0.1,0.2
434,-16,-0.6,-16,-0.1,-0.2,-0.99,1403262625,-0.6,16,16,0.1,0.4,-0.1,0.1,0.2
436,-16,-0.4,-16,-0.1,-0.2,-0.99,1403262664,-0.6,16,16,0.1,0.4,-0.1,0.1,0.2
438,-16,-0.2,-16,-0.1,-0.2,-0.99,1403262730,-0.6,16,16,0.1,0.4,-0.1,0.1,0.2
440,-16,0.0,-16,-0.1,-0.2,-0.99,1403262775,-0.6,16,16,0.1,0.4,-0.1,0.1,0.2
