"run","default_observer_minPycor","DI_f_2","default_observer_minPxcor","DO_f_3","DO_f_2","DI_doublefail","randomSeed","DO_doublefail","default_observer_maxPycor","default_observer_maxPxcor","DI_s_3","DI_s_2","DI_f_3","DO_s_3","DO_s_2"
1,-16,-0.99,-16,-0.1,-0.2,-0.99,1996314343,-0.6,16,16,0.2,0.1,0.1,0.1,0.1
3,-16,-0.99,-16,-0.1,-0.2,-0.99,1996317917,-0.6,16,16,0.2,0.1,0.1,0.1,0.3
5,-16,-0.99,-16,-0.1,-0.2,-0.99,1996318468,-0.6,16,16,0.2,0.1,0.1,0.1,0.5
7,-16,-0.99,-16,-0.1,-0.2,-0.99,1996320203,-0.6,16,16,0.2,0.1,0.1,0.1,0.7
9,-16,-0.99,-16,-0.1,-0.2,-0.99,1996320703,-0.6,16,16,0.2,0.1,0.1,0.1,0.9
11,-16,-0.99,-16,-0.1,-0.2,-0.99,1996321595,-0.6,16,16,0.2,0.1,0.1,0.2,0.2
13,-16,-0.99,-16,-0.1,-0.2,-0.99,1996321874,-0.6,16,16,0.2,0.1,0.1,0.2,0.4
15,-16,-0.99,-16,-0.1,-0.2,-0.99,1996322259,-0.6,16,16,0.2,0.1,0.1,0.2,0.6
17,-16,-0.99,-16,-0.1,-0.2,-0.99,1996322483,-0.6,16,16,0.2,0.1,0.1,0.2,0.8
19,-16,-0.99,-16,-0.1,-0.2,-0.99,1996322640,-0.6,16,16,0.2,0.1,0.1,0.3,0.1
21,-16,-0.99,-16,-0.1,-0.2,-0.99,1996323285,-0.6,16,16,0.2,0.1,0.1,0.3,0.3
23,-16,-0.99,-16,-0.1,-0.2,-0.99,1996323491,-0.6,16,16,0.2,0.1,0.1,0.3,0.5
25,-16,-0.99,-16,-0.1,-0.2,-0.99,1996323702,-0.6,16,16,0.2,0.1,0.1,0.3,0.7
27,-16,-0.99,-16,-0.1,-0.2,-0.99,1996323920,-0.6,16,16,0.2,0.1,0.1,0.3,0.9
29,-16,-0.99,-16,-0.1,-0.2,-0.99,1996324077,-0.6,16,16,0.2,0.1,0.1,0.4,0.2
31,-16,-0.99,-16,-0.1,-0.2,-0.99,1996324194,-0.6,16,16,0.2,0.1,0.1,0.4,0.4
33,-16,-0.99,-16,-0.1,-0.2,-0.99,1996324333,-0.6,16,16,0.2,0.1,0.1,0.4,0.6
35,-16,-0.99,-16,-0.1,-0.2,-0.99,1996324414,-0.6,16,16,0.2,0.1,0.1,0.4,0.8
37,-16,-0.99,-16,-0.1,-0.2,-0.99,1996324524,-0.6,16,16,0.2,0.1,0.1,0.5,0.1
39,-16,-0.99,-16,-0.1,-0.2,-0.99,1996324585,-0.6,16,16,0.2,0.1,0.1,0.5,0.3
41,-16,-0.99,-16,-0.1,-0.2,-0.99,1996324673,-0.6,16,16,0.2,0.1,0.1,0.5,0.5
43,-16,-0.99,-16,-0.1,-0.2,-0.99,1996324724,-0.6,16,16,0.2,0.1,0.1,0.5,0.7
45,-16,-0.99,-16,-0.1,-0.2,-0.99,1996324837,-0.6,16,16,0.2,0.1,0.1,0.5,0.9
47,-16,-0.99,-16,-0.1,-0.2,-0.99,1996325032,-0.6,16,16,0.2,0.1,0.1,0.6,0.2
49,-16,-0.99,-16,-0.1,-0.2,-0.99,1996325099,-0.6,16,16,0.2,0.1,0.1,0.6,0.4
51,-16,-0.99,-16,-0.1,-0.2,-0.99,1996325158,-0.6,16,16,0.2,0.1,0.1,0.6,0.6
53,-16,-0.99,-16,-0.1,-0.2,-0.99,1996325232,-0.6,16,16,0.2,0.1,0.1,0.6,0.8
55,-16,-0.99,-16,-0.1,-0.2,-0.99,1996325392,-0.6,16,16,0.2,0.1,0.1,0.7,0.1
57,-16,-0.99,-16,-0.1,-0.2,-0.99,1996325475,-0.6,16,16,0.2,0.1,0.1,0.7,0.3
59,-16,-0.99,-16,-0.1,-0.2,-0.99,1996325553,-0.6,16,16,0.2,0.1,0.1,0.7,0.5
61,-16,-0.99,-16,-0.1,-0.2,-0.99,1996325634,-0.6,16,16,0.2,0.1,0.1,0.7,0.7
63,-16,-0.99,-16,-0.1,-0.2,-0.99,1996325701,-0.6,16,16,0.2,0.1,0.1,0.7,0.9
65,-16,-0.99,-16,-0.1,-0.2,-0.99,1996325773,-0.6,16,16,0.2,0.1,0.1,0.8,0.2
67,-16,-0.99,-16,-0.1,-0.2,-0.99,1996325882,-0.6,16,16,0.2,0.1,0.1,0.8,0.4
69,-16,-0.99,-16,-0.1,-0.2,-0.99,1996325970,-0.6,16,16,0.2,0.1,0.1,0.8,0.6
71,-16,-0.99,-16,-0.1,-0.2,-0.99,1996326058,-0.6,16,16,0.2,0.1,0.1,0.8,0.8
73,-16,-0.99,-16,-0.1,-0.2,-0.99,1996326207,-0.6,16,16,0.2,0.1,0.1,0.9,0.1
75,-16,-0.99,-16,-0.1,-0.2,-0.99,1996326328,-0.6,16,16,0.2,0.1,0.1,0.9,0.3
77,-16,-0.99,-16,-0.1,-0.2,-0.99,1996326451,-0.6,16,16,0.2,0.1,0.1,0.9,0.5
79,-16,-0.99,-16,-0.1,-0.2,-0.99,1996326606,-0.6,16,16,0.2,0.1,0.1,0.9,0.7
81,-16,-0.99,-16,-0.1,-0.2,-0.99,1996326733,-0.6,16,16,0.2,0.1,0.1,0.9,0.9
83,-16,-0.99,-16,-0.1,-0.2,-0.99,1996326837,-0.6,16,16,0.2,0.2,0.1,0.1,0.2
85,-16,-0.99,-16,-0.1,-0.2,-0.99,1996326919,-0.6,16,16,0.2,0.2,0.1,0.1,0.4
87,-16,-0.99,-16,-0.1,-0.2,-0.99,1996326996,-0.6,16,16,0.2,0.2,0.1,0.1,0.6
89,-16,-0.99,-16,-0.1,-0.2,-0.99,1996327081,-0.6,16,16,0.2,0.2,0.1,0.1,0.8
91,-16,-0.99,-16,-0.1,-0.2,-0.99,1996327150,-0.6,16,16,0.2,0.2,0.1,0.2,0.1
93,-16,-0.99,-16,-0.1,-0.2,-0.99,1996327215,-0.6,16,16,0.2,0.2,0.1,0.2,0.3
95,-16,-0.99,-16,-0.1,-0.2,-0.99,1996327311,-0.6,16,16,0.2,0.2,0.1,0.2,0.5
97,-16,-0.99,-16,-0.1,-0.2,-0.99,1996327377,-0.6,16,16,0.2,0.2,0.1,0.2,0.7
99,-16,-0.99,-16,-0.1,-0.2,-0.99,1996327451,-0.6,16,16,0.2,0.2,0.1,0.2,0.9
101,-16,-0.99,-16,-0.1,-0.2,-0.99,1996327548,-0.6,16,16,0.2,0.2,0.1,0.3,0.2
103,-16,-0.99,-16,-0.1,-0.2,-0.99,1996327623,-0.6,16,16,0.2,0.2,0.1,0.3,0.4
105,-16,-0.99,-16,-0.1,-0.2,-0.99,1996327690,-0.6,16,16,0.2,0.2,0.1,0.3,0.6
107,-16,-0.99,-16,-0.1,-0.2,-0.99,1996327734,-0.6,16,16,0.2,0.2,0.1,0.3,0.8
109,-16,-0.99,-16,-0.1,-0.2,-0.99,1996327787,-0.6,16,16,0.2,0.2,0.1,0.4,0.1
111,-16,-0.99,-16,-0.1,-0.2,-0.99,1996327843,-0.6,16,16,0.2,0.2,0.1,0.4,0.3
113,-16,-0.99,-16,-0.1,-0.2,-0.99,1996327904,-0.6,16,16,0.2,0.2,0.1,0.4,0.5
115,-16,-0.99,-16,-0.1,-0.2,-0.99,1996327958,-0.6,16,16,0.2,0.2,0.1,0.4,0.7
117,-16,-0.99,-16,-0.1,-0.2,-0.99,1996328017,-0.6,16,16,0.2,0.2,0.1,0.4,0.9
119,-16,-0.99,-16,-0.1,-0.2,-0.99,1996328076,-0.6,16,16,0.2,0.2,0.1,0.5,0.2
121,-16,-0.99,-16,-0.1,-0.2,-0.99,1996328150,-0.6,16,16,0.2,0.2,0.1,0.5,0.4
123,-16,-0.99,-16,-0.1,-0.2,-0.99,1996328205,-0.6,16,16,0.2,0.2,0.1,0.5,0.6
125,-16,-0.99,-16,-0.1,-0.2,-0.99,1996328240,-0.6,16,16,0.2,0.2,0.1,0.5,0.8
127,-16,-0.99,-16,-0.1,-0.2,-0.99,1996328302,-0.6,16,16,0.2,0.2,0.1,0.6,0.1
129,-16,-0.99,-16,-0.1,-0.2,-0.99,1996328557,-0.6,16,16,0.2,0.2,0.1,0.6,0.3
131,-16,-0.99,-16,-0.1,-0.2,-0.99,1996328606,-0.6,16,16,0.2,0.2,0.1,0.6,0.5
133,-16,-0.99,-16,-0.1,-0.2,-0.99,1996328650,-0.6,16,16,0.2,0.2,0.1,0.6,0.7
135,-16,-0.99,-16,-0.1,-0.2,-0.99,1996328714,-0.6,16,16,0.2,0.2,0.1,0.6,0.9
137,-16,-0.99,-16,-0.1,-0.2,-0.99,1996328770,-0.6,16,16,0.2,0.2,0.1,0.7,0.2
139,-16,-0.99,-16,-0.1,-0.2,-0.99,1996328839,-0.6,16,16,0.2,0.2,0.1,0.7,0.4
141,-16,-0.99,-16,-0.1,-0.2,-0.99,1996328897,-0.6,16,16,0.2,0.2,0.1,0.7,0.6
143,-16,-0.99,-16,-0.1,-0.2,-0.99,1996328940,-0.6,16,16,0.2,0.2,0.1,0.7,0.8
145,-16,-0.99,-16,-0.1,-0.2,-0.99,1996328997,-0.6,16,16,0.2,0.2,0.1,0.8,0.1
147,-16,-0.99,-16,-0.1,-0.2,-0.99,1996329054,-0.6,16,16,0.2,0.2,0.1,0.8,0.3
149,-16,-0.99,-16,-0.1,-0.2,-0.99,1996329133,-0.6,16,16,0.2,0.2,0.1,0.8,0.5
151,-16,-0.99,-16,-0.1,-0.2,-0.99,1996329184,-0.6,16,16,0.2,0.2,0.1,0.8,0.7
153,-16,-0.99,-16,-0.1,-0.2,-0.99,1996329249,-0.6,16,16,0.2,0.2,0.1,0.8,0.9
155,-16,-0.99,-16,-0.1,-0.2,-0.99,1996329426,-0.6,16,16,0.2,0.2,0.1,0.9,0.2
157,-16,-0.99,-16,-0.1,-0.2,-0.99,1996329527,-0.6,16,16,0.2,0.2,0.1,0.9,0.4
159,-16,-0.99,-16,-0.1,-0.2,-0.99,1996329587,-0.6,16,16,0.2,0.2,0.1,0.9,0.6
161,-16,-0.99,-16,-0.1,-0.2,-0.99,1996329746,-0.6,16,16,0.2,0.2,0.1,0.9,0.8
163,-16,-0.99,-16,-0.1,-0.2,-0.99,1996329821,-0.6,16,16,0.2,0.3,0.1,0.1,0.1
165,-16,-0.99,-16,-0.1,-0.2,-0.99,1996329908,-0.6,16,16,0.2,0.3,0.1,0.1,0.3
167,-16,-0.99,-16,-0.1,-0.2,-0.99,1996329963,-0.6,16,16,0.2,0.3,0.1,0.1,0.5
169,-16,-0.99,-16,-0.1,-0.2,-0.99,1996330003,-0.6,16,16,0.2,0.3,0.1,0.1,0.7
171,-16,-0.99,-16,-0.1,-0.2,-0.99,1996330050,-0.6,16,16,0.2,0.3,0.1,0.1,0.9
173,-16,-0.99,-16,-0.1,-0.2,-0.99,1996330107,-0.6,16,16,0.2,0.3,0.1,0.2,0.2
175,-16,-0.99,-16,-0.1,-0.2,-0.99,1996330156,-0.6,16,16,0.2,0.3,0.1,0.2,0.4
177,-16,-0.99,-16,-0.1,-0.2,-0.99,1996330197,-0.6,16,16,0.2,0.3,0.1,0.2,0.6
179,-16,-0.99,-16,-0.1,-0.2,-0.99,1996330255,-0.6,16,16,0.2,0.3,0.1,0.2,0.8
181,-16,-0.99,-16,-0.1,-0.2,-0.99,1996330296,-0.6,16,16,0.2,0.3,0.1,0.3,0.1
183,-16,-0.99,-16,-0.1,-0.2,-0.99,1996330409,-0.6,16,16,0.2,0.3,0.1,0.3,0.3
185,-16,-0.99,-16,-0.1,-0.2,-0.99,1996330490,-0.6,16,16,0.2,0.3,0.1,0.3,0.5
187,-16,-0.99,-16,-0.1,-0.2,-0.99,1996330549,-0.6,16,16,0.2,0.3,0.1,0.3,0.7
189,-16,-0.99,-16,-0.1,-0.2,-0.99,1996330648,-0.6,16,16,0.2,0.3,0.1,0.3,0.9
191,-16,-0.99,-16,-0.1,-0.2,-0.99,1996330710,-0.6,16,16,0.2,0.3,0.1,0.4,0.2
193,-16,-0.99,-16,-0.1,-0.2,-0.99,1996330800,-0.6,16,16,0.2,0.3,0.1,0.4,0.4
195,-16,-0.99,-16,-0.1,-0.2,-0.99,1996330880,-0.6,16,16,0.2,0.3,0.1,0.4,0.6
197,-16,-0.99,-16,-0.1,-0.2,-0.99,1996330929,-0.6,16,16,0.2,0.3,0.1,0.4,0.8
199,-16,-0.99,-16,-0.1,-0.2,-0.99,1996331005,-0.6,16,16,0.2,0.3,0.1,0.5,0.1
201,-16,-0.99,-16,-0.1,-0.2,-0.99,1996331051,-0.6,16,16,0.2,0.3,0.1,0.5,0.3
203,-16,-0.99,-16,-0.1,-0.2,-0.99,1996331095,-0.6,16,16,0.2,0.3,0.1,0.5,0.5
205,-16,-0.99,-16,-0.1,-0.2,-0.99,1996331162,-0.6,16,16,0.2,0.3,0.1,0.5,0.7
207,-16,-0.99,-16,-0.1,-0.2,-0.99,1996331214,-0.6,16,16,0.2,0.3,0.1,0.5,0.9
209,-16,-0.99,-16,-0.1,-0.2,-0.99,1996331258,-0.6,16,16,0.2,0.3,0.1,0.6,0.2
211,-16,-0.99,-16,-0.1,-0.2,-0.99,1996331320,-0.6,16,16,0.2,0.3,0.1,0.6,0.4
213,-16,-0.99,-16,-0.1,-0.2,-0.99,1996331393,-0.6,16,16,0.2,0.3,0.1,0.6,0.6
215,-16,-0.99,-16,-0.1,-0.2,-0.99,1996331460,-0.6,16,16,0.2,0.3,0.1,0.6,0.8
217,-16,-0.99,-16,-0.1,-0.2,-0.99,1996331503,-0.6,16,16,0.2,0.3,0.1,0.7,0.1
219,-16,-0.99,-16,-0.1,-0.2,-0.99,1996331584,-0.6,16,16,0.2,0.3,0.1,0.7,0.3
221,-16,-0.99,-16,-0.1,-0.2,-0.99,1996331625,-0.6,16,16,0.2,0.3,0.1,0.7,0.5
223,-16,-0.99,-16,-0.1,-0.2,-0.99,1996331736,-0.6,16,16,0.2,0.3,0.1,0.7,0.7
225,-16,-0.99,-16,-0.1,-0.2,-0.99,1996331824,-0.6,16,16,0.2,0.3,0.1,0.7,0.9
227,-16,-0.99,-16,-0.1,-0.2,-0.99,1996331923,-0.6,16,16,0.2,0.3,0.1,0.8,0.2
229,-16,-0.99,-16,-0.1,-0.2,-0.99,1996332110,-0.6,16,16,0.2,0.3,0.1,0.8,0.4
231,-16,-0.99,-16,-0.1,-0.2,-0.99,1996332193,-0.6,16,16,0.2,0.3,0.1,0.8,0.6
233,-16,-0.99,-16,-0.1,-0.2,-0.99,1996332307,-0.6,16,16,0.2,0.3,0.1,0.8,0.8
235,-16,-0.99,-16,-0.1,-0.2,-0.99,1996332368,-0.6,16,16,0.2,0.3,0.1,0.9,0.1
237,-16,-0.99,-16,-0.1,-0.2,-0.99,1996332464,-0.6,16,16,0.2,0.3,0.1,0.9,0.3
239,-16,-0.99,-16,-0.1,-0.2,-0.99,1996332536,-0.6,16,16,0.2,0.3,0.1,0.9,0.5
241,-16,-0.99,-16,-0.1,-0.2,-0.99,1996332598,-0.6,16,16,0.2,0.3,0.1,0.9,0.7
243,-16,-0.99,-16,-0.1,-0.2,-0.99,1996332701,-0.6,16,16,0.2,0.3,0.1,0.9,0.9
245,-16,-0.99,-16,-0.1,-0.2,-0.99,1996332750,-0.6,16,16,0.2,0.4,0.1,0.1,0.2
247,-16,-0.99,-16,-0.1,-0.2,-0.99,1996332791,-0.6,16,16,0.2,0.4,0.1,0.1,0.4
249,-16,-0.99,-16,-0.1,-0.2,-0.99,1996332856,-0.6,16,16,0.2,0.4,0.1,0.1,0.6
251,-16,-0.99,-16,-0.1,-0.2,-0.99,1996332925,-0.6,16,16,0.2,0.4,0.1,0.1,0.8
253,-16,-0.99,-16,-0.1,-0.2,-0.99,1996332961,-0.6,16,16,0.2,0.4,0.1,0.2,0.1
255,-16,-0.99,-16,-0.1,-0.2,-0.99,1996332998,-0.6,16,16,0.2,0.4,0.1,0.2,0.3
257,-16,-0.99,-16,-0.1,-0.2,-0.99,1996333050,-0.6,16,16,0.2,0.4,0.1,0.2,0.5
259,-16,-0.99,-16,-0.1,-0.2,-0.99,1996333107,-0.6,16,16,0.2,0.4,0.1,0.2,0.7
261,-16,-0.99,-16,-0.1,-0.2,-0.99,1996333176,-0.6,16,16,0.2,0.4,0.1,0.2,0.9
263,-16,-0.99,-16,-0.1,-0.2,-0.99,1996333381,-0.6,16,16,0.2,0.4,0.1,0.3,0.2
265,-16,-0.99,-16,-0.1,-0.2,-0.99,1996333492,-0.6,16,16,0.2,0.4,0.1,0.3,0.4
267,-16,-0.99,-16,-0.1,-0.2,-0.99,1996333551,-0.6,16,16,0.2,0.4,0.1,0.3,0.6
269,-16,-0.99,-16,-0.1,-0.2,-0.99,1996333591,-0.6,16,16,0.2,0.4,0.1,0.3,0.8
271,-16,-0.99,-16,-0.1,-0.2,-0.99,1996333645,-0.6,16,16,0.2,0.4,0.1,0.4,0.1
273,-16,-0.99,-16,-0.1,-0.2,-0.99,1996333760,-0.6,16,16,0.2,0.4,0.1,0.4,0.3
275,-16,-0.99,-16,-0.1,-0.2,-0.99,1996333832,-0.6,16,16,0.2,0.4,0.1,0.4,0.5
277,-16,-0.99,-16,-0.1,-0.2,-0.99,1996333880,-0.6,16,16,0.2,0.4,0.1,0.4,0.7
279,-16,-0.99,-16,-0.1,-0.2,-0.99,1996333923,-0.6,16,16,0.2,0.4,0.1,0.4,0.9
281,-16,-0.99,-16,-0.1,-0.2,-0.99,1996333980,-0.6,16,16,0.2,0.4,0.1,0.5,0.2
283,-16,-0.99,-16,-0.1,-0.2,-0.99,1996334035,-0.6,16,16,0.2,0.4,0.1,0.5,0.4
285,-16,-0.99,-16,-0.1,-0.2,-0.99,1996334085,-0.6,16,16,0.2,0.4,0.1,0.5,0.6
287,-16,-0.99,-16,-0.1,-0.2,-0.99,1996334142,-0.6,16,16,0.2,0.4,0.1,0.5,0.8
289,-16,-0.99,-16,-0.1,-0.2,-0.99,1996334187,-0.6,16,16,0.2,0.4,0.1,0.6,0.1
291,-16,-0.99,-16,-0.1,-0.2,-0.99,1996334232,-0.6,16,16,0.2,0.4,0.1,0.6,0.3
293,-16,-0.99,-16,-0.1,-0.2,-0.99,1996334276,-0.6,16,16,0.2,0.4,0.1,0.6,0.5
295,-16,-0.99,-16,-0.1,-0.2,-0.99,1996334326,-0.6,16,16,0.2,0.4,0.1,0.6,0.7
297,-16,-0.99,-16,-0.1,-0.2,-0.99,1996334356,-0.6,16,16,0.2,0.4,0.1,0.6,0.9
299,-16,-0.99,-16,-0.1,-0.2,-0.99,1996334395,-0.6,16,16,0.2,0.4,0.1,0.7,0.2
301,-16,-0.99,-16,-0.1,-0.2,-0.99,1996334482,-0.6,16,16,0.2,0.4,0.1,0.7,0.4
303,-16,-0.99,-16,-0.1,-0.2,-0.99,1996334521,-0.6,16,16,0.2,0.4,0.1,0.7,0.6
305,-16,-0.99,-16,-0.1,-0.2,-0.99,1996334570,-0.6,16,16,0.2,0.4,0.1,0.7,0.8
307,-16,-0.99,-16,-0.1,-0.2,-0.99,1996334632,-0.6,16,16,0.2,0.4,0.1,0.8,0.1
309,-16,-0.99,-16,-0.1,-0.2,-0.99,1996334670,-0.6,16,16,0.2,0.4,0.1,0.8,0.3
311,-16,-0.99,-16,-0.1,-0.2,-0.99,1996334714,-0.6,16,16,0.2,0.4,0.1,0.8,0.5
313,-16,-0.99,-16,-0.1,-0.2,-0.99,1996334776,-0.6,16,16,0.2,0.4,0.1,0.8,0.7
315,-16,-0.99,-16,-0.1,-0.2,-0.99,1996334827,-0.6,16,16,0.2,0.4,0.1,0.8,0.9
317,-16,-0.99,-16,-0.1,-0.2,-0.99,1996334876,-0.6,16,16,0.2,0.4,0.1,0.9,0.2
319,-16,-0.99,-16,-0.1,-0.2,-0.99,1996334912,-0.6,16,16,0.2,0.4,0.1,0.9,0.4
321,-16,-0.99,-16,-0.1,-0.2,-0.99,1996334980,-0.6,16,16,0.2,0.4,0.1,0.9,0.6
323,-16,-0.99,-16,-0.1,-0.2,-0.99,1996335017,-0.6,16,16,0.2,0.4,0.1,0.9,0.8
325,-16,-0.99,-16,-0.1,-0.2,-0.99,1996335088,-0.6,16,16,0.2,0.5,0.1,0.1,0.1
327,-16,-0.99,-16,-0.1,-0.2,-0.99,1996335202,-0.6,16,16,0.2,0.5,0.1,0.1,0.3
329,-16,-0.99,-16,-0.1,-0.2,-0.99,1996335251,-0.6,16,16,0.2,0.5,0.1,0.1,0.5
331,-16,-0.99,-16,-0.1,-0.2,-0.99,1996335305,-0.6,16,16,0.2,0.5,0.1,0.1,0.7
333,-16,-0.99,-16,-0.1,-0.2,-0.99,1996335372,-0.6,16,16,0.2,0.5,0.1,0.1,0.9
335,-16,-0.99,-16,-0.1,-0.2,-0.99,1996335462,-0.6,16,16,0.2,0.5,0.1,0.2,0.2
337,-16,-0.99,-16,-0.1,-0.2,-0.99,1996335742,-0.6,16,16,0.2,0.5,0.1,0.2,0.4
339,-16,-0.99,-16,-0.1,-0.2,-0.99,1996336026,-0.6,16,16,0.2,0.5,0.1,0.2,0.6
341,-16,-0.99,-16,-0.1,-0.2,-0.99,1996336156,-0.6,16,16,0.2,0.5,0.1,0.2,0.8
343,-16,-0.99,-16,-0.1,-0.2,-0.99,1996336296,-0.6,16,16,0.2,0.5,0.1,0.3,0.1
345,-16,-0.99,-16,-0.1,-0.2,-0.99,1996336427,-0.6,16,16,0.2,0.5,0.1,0.3,0.3
347,-16,-0.99,-16,-0.1,-0.2,-0.99,1996336508,-0.6,16,16,0.2,0.5,0.1,0.3,0.5
349,-16,-0.99,-16,-0.1,-0.2,-0.99,1996336558,-0.6,16,16,0.2,0.5,0.1,0.3,0.7
351,-16,-0.99,-16,-0.1,-0.2,-0.99,1996336598,-0.6,16,16,0.2,0.5,0.1,0.3,0.9
353,-16,-0.99,-16,-0.1,-0.2,-0.99,1996336644,-0.6,16,16,0.2,0.5,0.1,0.4,0.2
355,-16,-0.99,-16,-0.1,-0.2,-0.99,1996336712,-0.6,16,16,0.2,0.5,0.1,0.4,0.4
357,-16,-0.99,-16,-0.1,-0.2,-0.99,1996336752,-0.6,16,16,0.2,0.5,0.1,0.4,0.6
359,-16,-0.99,-16,-0.1,-0.2,-0.99,1996336791,-0.6,16,16,0.2,0.5,0.1,0.4,0.8
361,-16,-0.99,-16,-0.1,-0.2,-0.99,1996336832,-0.6,16,16,0.2,0.5,0.1,0.5,0.1
363,-16,-0.99,-16,-0.1,-0.2,-0.99,1996336903,-0.6,16,16,0.2,0.5,0.1,0.5,0.3
365,-16,-0.99,-16,-0.1,-0.2,-0.99,1996336950,-0.6,16,16,0.2,0.5,0.1,0.5,0.5
367,-16,-0.99,-16,-0.1,-0.2,-0.99,1996336999,-0.6,16,16,0.2,0.5,0.1,0.5,0.7
369,-16,-0.99,-16,-0.1,-0.2,-0.99,1996337041,-0.6,16,16,0.2,0.5,0.1,0.5,0.9
371,-16,-0.99,-16,-0.1,-0.2,-0.99,1996337098,-0.6,16,16,0.2,0.5,0.1,0.6,0.2
373,-16,-0.99,-16,-0.1,-0.2,-0.99,1996337143,-0.6,16,16,0.2,0.5,0.1,0.6,0.4
375,-16,-0.99,-16,-0.1,-0.2,-0.99,1996337202,-0.6,16,16,0.2,0.5,0.1,0.6,0.6
377,-16,-0.99,-16,-0.1,-0.2,-0.99,1996337236,-0.6,16,16,0.2,0.5,0.1,0.6,0.8
379,-16,-0.99,-16,-0.1,-0.2,-0.99,1996337289,-0.6,16,16,0.2,0.5,0.1,0.7,0.1
381,-16,-0.99,-16,-0.1,-0.2,-0.99,1996337335,-0.6,16,16,0.2,0.5,0.1,0.7,0.3
383,-16,-0.99,-16,-0.1,-0.2,-0.99,1996337393,-0.6,16,16,0.2,0.5,0.1,0.7,0.5
385,-16,-0.99,-16,-0.1,-0.2,-0.99,1996337450,-0.6,16,16,0.2,0.5,0.1,0.7,0.7
387,-16,-0.99,-16,-0.1,-0.2,-0.99,1996337508,-0.6,16,16,0.2,0.5,0.1,0.7,0.9
389,-16,-0.99,-16,-0.1,-0.2,-0.99,1996337566,-0.6,16,16,0.2,0.5,0.1,0.8,0.2
391,-16,-0.99,-16,-0.1,-0.2,-0.99,1996337610,-0.6,16,16,0.2,0.5,0.1,0.8,0.4
393,-16,-0.99,-16,-0.1,-0.2,-0.99,1996337644,-0.6,16,16,0.2,0.5,0.1,0.8,0.6
395,-16,-0.99,-16,-0.1,-0.2,-0.99,1996337713,-0.6,16,16,0.2,0.5,0.1,0.8,0.8
397,-16,-0.99,-16,-0.1,-0.2,-0.99,1996337889,-0.6,16,16,0.2,0.5,0.1,0.9,0.1
399,-16,-0.99,-16,-0.1,-0.2,-0.99,1996337939,-0.6,16,16,0.2,0.5,0.1,0.9,0.3
401,-16,-0.99,-16,-0.1,-0.2,-0.99,1996337987,-0.6,16,16,0.2,0.5,0.1,0.9,0.5
403,-16,-0.99,-16,-0.1,-0.2,-0.99,1996338022,-0.6,16,16,0.2,0.5,0.1,0.9,0.7
405,-16,-0.99,-16,-0.1,-0.2,-0.99,1996338077,-0.6,16,16,0.2,0.5,0.1,0.9,0.9
407,-16,-0.99,-16,-0.1,-0.2,-0.99,1996338123,-0.6,16,16,0.2,0.6,0.1,0.1,0.2
409,-16,-0.99,-16,-0.1,-0.2,-0.99,1996338189,-0.6,16,16,0.2,0.6,0.1,0.1,0.4
411,-16,-0.99,-16,-0.1,-0.2,-0.99,1996338230,-0.6,16,16,0.2,0.6,0.1,0.1,0.6
413,-16,-0.99,-16,-0.1,-0.2,-0.99,1996338270,-0.6,16,16,0.2,0.6,0.1,0.1,0.8
415,-16,-0.99,-16,-0.1,-0.2,-0.99,1996338332,-0.6,16,16,0.2,0.6,0.1,0.2,0.1
417,-16,-0.99,-16,-0.1,-0.2,-0.99,1996338374,-0.6,16,16,0.2,0.6,0.1,0.2,0.3
419,-16,-0.99,-16,-0.1,-0.2,-0.99,1996338435,-0.6,16,16,0.2,0.6,0.1,0.2,0.5
421,-16,-0.99,-16,-0.1,-0.2,-0.99,1996338474,-0.6,16,16,0.2,0.6,0.1,0.2,0.7
423,-16,-0.99,-16,-0.1,-0.2,-0.99,1996338513,-0.6,16,16,0.2,0.6,0.1,0.2,0.9
425,-16,-0.99,-16,-0.1,-0.2,-0.99,1996338578,-0.6,16,16,0.2,0.6,0.1,0.3,0.2
427,-16,-0.99,-16,-0.1,-0.2,-0.99,1996338628,-0.6,16,16,0.2,0.6,0.1,0.3,0.4
429,-16,-0.99,-16,-0.1,-0.2,-0.99,1996338668,-0.6,16,16,0.2,0.6,0.1,0.3,0.6
431,-16,-0.99,-16,-0.1,-0.2,-0.99,1996338722,-0.6,16,16,0.2,0.6,0.1,0.3,0.8
433,-16,-0.99,-16,-0.1,-0.2,-0.99,1996338783,-0.6,16,16,0.2,0.6,0.1,0.4,0.1
435,-16,-0.99,-16,-0.1,-0.2,-0.99,1996338832,-0.6,16,16,0.2,0.6,0.1,0.4,0.3
437,-16,-0.99,-16,-0.1,-0.2,-0.99,1996338883,-0.6,16,16,0.2,0.6,0.1,0.4,0.5
439,-16,-0.99,-16,-0.1,-0.2,-0.99,1996338932,-0.6,16,16,0.2,0.6,0.1,0.4,0.7
441,-16,-0.99,-16,-0.1,-0.2,-0.99,1996338973,-0.6,16,16,0.2,0.6,0.1,0.4,0.9
443,-16,-0.99,-16,-0.1,-0.2,-0.99,1996339022,-0.6,16,16,0.2,0.6,0.1,0.5,0.2
445,-16,-0.99,-16,-0.1,-0.2,-0.99,1996339069,-0.6,16,16,0.2,0.6,0.1,0.5,0.4
447,-16,-0.99,-16,-0.1,-0.2,-0.99,1996339100,-0.6,16,16,0.2,0.6,0.1,0.5,0.6
449,-16,-0.99,-16,-0.1,-0.2,-0.99,1996339166,-0.6,16,16,0.2,0.6,0.1,0.5,0.8
451,-16,-0.99,-16,-0.1,-0.2,-0.99,1996339208,-0.6,16,16,0.2,0.6,0.1,0.6,0.1
453,-16,-0.99,-16,-0.1,-0.2,-0.99,1996339254,-0.6,16,16,0.2,0.6,0.1,0.6,0.3
455,-16,-0.99,-16,-0.1,-0.2,-0.99,1996339309,-0.6,16,16,0.2,0.6,0.1,0.6,0.5
457,-16,-0.99,-16,-0.1,-0.2,-0.99,1996339358,-0.6,16,16,0.2,0.6,0.1,0.6,0.7
459,-16,-0.99,-16,-0.1,-0.2,-0.99,1996339458,-0.6,16,16,0.2,0.6,0.1,0.6,0.9
461,-16,-0.99,-16,-0.1,-0.2,-0.99,1996339526,-0.6,16,16,0.2,0.6,0.1,0.7,0.2
463,-16,-0.99,-16,-0.1,-0.2,-0.99,1996339564,-0.6,16,16,0.2,0.6,0.1,0.7,0.4
465,-16,-0.99,-16,-0.1,-0.2,-0.99,1996339614,-0.6,16,16,0.2,0.6,0.1,0.7,0.6
467,-16,-0.99,-16,-0.1,-0.2,-0.99,1996339668,-0.6,16,16,0.2,0.6,0.1,0.7,0.8
469,-16,-0.99,-16,-0.1,-0.2,-0.99,1996339731,-0.6,16,16,0.2,0.6,0.1,0.8,0.1
471,-16,-0.99,-16,-0.1,-0.2,-0.99,1996339805,-0.6,16,16,0.2,0.6,0.1,0.8,0.3
473,-16,-0.99,-16,-0.1,-0.2,-0.99,1996339862,-0.6,16,16,0.2,0.6,0.1,0.8,0.5
475,-16,-0.99,-16,-0.1,-0.2,-0.99,1996339912,-0.6,16,16,0.2,0.6,0.1,0.8,0.7
477,-16,-0.99,-16,-0.1,-0.2,-0.99,1996339966,-0.6,16,16,0.2,0.6,0.1,0.8,0.9
479,-16,-0.99,-16,-0.1,-0.2,-0.99,1996340003,-0.6,16,16,0.2,0.6,0.1,0.9,0.2
481,-16,-0.99,-16,-0.1,-0.2,-0.99,1996340043,-0.6,16,16,0.2,0.6,0.1,0.9,0.4
483,-16,-0.99,-16,-0.1,-0.2,-0.99,1996340086,-0.6,16,16,0.2,0.6,0.1,0.9,0.6
485,-16,-0.99,-16,-0.1,-0.2,-0.99,1996340147,-0.6,16,16,0.2,0.6,0.1,0.9,0.8
487,-16,-0.99,-16,-0.1,-0.2,-0.99,1996340211,-0.6,16,16,0.2,0.7,0.1,0.1,0.1
489,-16,-0.99,-16,-0.1,-0.2,-0.99,1996340286,-0.6,16,16,0.2,0.7,0.1,0.1,0.3
491,-16,-0.99,-16,-0.1,-0.2,-0.99,1996340358,-0.6,16,16,0.2,0.7,0.1,0.1,0.5
493,-16,-0.99,-16,-0.1,-0.2,-0.99,1996340404,-0.6,16,16,0.2,0.7,0.1,0.1,0.7
495,-16,-0.99,-16,-0.1,-0.2,-0.99,1996340461,-0.6,16,16,0.2,0.7,0.1,0.1,0.9
497,-16,-0.99,-16,-0.1,-0.2,-0.99,1996340505,-0.6,16,16,0.2,0.7,0.1,0.2,0.2
499,-16,-0.99,-16,-0.1,-0.2,-0.99,1996340549,-0.6,16,16,0.2,0.7,0.1,0.2,0.4
501,-16,-0.99,-16,-0.1,-0.2,-0.99,1996340587,-0.6,16,16,0.2,0.7,0.1,0.2,0.6
503,-16,-0.99,-16,-0.1,-0.2,-0.99,1996340634,-0.6,16,16,0.2,0.7,0.1,0.2,0.8
505,-16,-0.99,-16,-0.1,-0.2,-0.99,1996340674,-0.6,16,16,0.2,0.7,0.1,0.3,0.1
507,-16,-0.99,-16,-0.1,-0.2,-0.99,1996340716,-0.6,16,16,0.2,0.7,0.1,0.3,0.3
509,-16,-0.99,-16,-0.1,-0.2,-0.99,1996340766,-0.6,16,16,0.2,0.7,0.1,0.3,0.5
511,-16,-0.99,-16,-0.1,-0.2,-0.99,1996340814,-0.6,16,16,0.2,0.7,0.1,0.3,0.7
513,-16,-0.99,-16,-0.1,-0.2,-0.99,1996340861,-0.6,16,16,0.2,0.7,0.1,0.3,0.9
515,-16,-0.99,-16,-0.1,-0.2,-0.99,1996340907,-0.6,16,16,0.2,0.7,0.1,0.4,0.2
517,-16,-0.99,-16,-0.1,-0.2,-0.99,1996340947,-0.6,16,16,0.2,0.7,0.1,0.4,0.4
519,-16,-0.99,-16,-0.1,-0.2,-0.99,1996341007,-0.6,16,16,0.2,0.7,0.1,0.4,0.6
521,-16,-0.99,-16,-0.1,-0.2,-0.99,1996341119,-0.6,16,16,0.2,0.7,0.1,0.4,0.8
523,-16,-0.99,-16,-0.1,-0.2,-0.99,1996341179,-0.6,16,16,0.2,0.7,0.1,0.5,0.1
525,-16,-0.99,-16,-0.1,-0.2,-0.99,1996341218,-0.6,16,16,0.2,0.7,0.1,0.5,0.3
527,-16,-0.99,-16,-0.1,-0.2,-0.99,1996341268,-0.6,16,16,0.2,0.7,0.1,0.5,0.5
529,-16,-0.99,-16,-0.1,-0.2,-0.99,1996341305,-0.6,16,16,0.2,0.7,0.1,0.5,0.7
531,-16,-0.99,-16,-0.1,-0.2,-0.99,1996341347,-0.6,16,16,0.2,0.7,0.1,0.5,0.9
533,-16,-0.99,-16,-0.1,-0.2,-0.99,1996341400,-0.6,16,16,0.2,0.7,0.1,0.6,0.2
535,-16,-0.99,-16,-0.1,-0.2,-0.99,1996341458,-0.6,16,16,0.2,0.7,0.1,0.6,0.4
537,-16,-0.99,-16,-0.1,-0.2,-0.99,1996341539,-0.6,16,16,0.2,0.7,0.1,0.6,0.6
539,-16,-0.99,-16,-0.1,-0.2,-0.99,1996341616,-0.6,16,16,0.2,0.7,0.1,0.6,0.8
541,-16,-0.99,-16,-0.1,-0.2,-0.99,1996341735,-0.6,16,16,0.2,0.7,0.1,0.7,0.1
543,-16,-0.99,-16,-0.1,-0.2,-0.99,1996341820,-0.6,16,16,0.2,0.7,0.1,0.7,0.3
545,-16,-0.99,-16,-0.1,-0.2,-0.99,1996341861,-0.6,16,16,0.2,0.7,0.1,0.7,0.5
547,-16,-0.99,-16,-0.1,-0.2,-0.99,1996341905,-0.6,16,16,0.2,0.7,0.1,0.7,0.7
549,-16,-0.99,-16,-0.1,-0.2,-0.99,1996341947,-0.6,16,16,0.2,0.7,0.1,0.7,0.9
551,-16,-0.99,-16,-0.1,-0.2,-0.99,1996341979,-0.6,16,16,0.2,0.7,0.1,0.8,0.2
553,-16,-0.99,-16,-0.1,-0.2,-0.99,1996342008,-0.6,16,16,0.2,0.7,0.1,0.8,0.4
555,-16,-0.99,-16,-0.1,-0.2,-0.99,1996342043,-0.6,16,16,0.2,0.7,0.1,0.8,0.6
557,-16,-0.99,-16,-0.1,-0.2,-0.99,1996342073,-0.6,16,16,0.2,0.7,0.1,0.8,0.8
559,-16,-0.99,-16,-0.1,-0.2,-0.99,1996342143,-0.6,16,16,0.2,0.7,0.1,0.9,0.1
561,-16,-0.99,-16,-0.1,-0.2,-0.99,1996342199,-0.6,16,16,0.2,0.7,0.1,0.9,0.3
563,-16,-0.99,-16,-0.1,-0.2,-0.99,1996342257,-0.6,16,16,0.2,0.7,0.1,0.9,0.5
565,-16,-0.99,-16,-0.1,-0.2,-0.99,1996342357,-0.6,16,16,0.2,0.7,0.1,0.9,0.7
567,-16,-0.99,-16,-0.1,-0.2,-0.99,1996342478,-0.6,16,16,0.2,0.7,0.1,0.9,0.9
569,-16,-0.99,-16,-0.1,-0.2,-0.99,1996342530,-0.6,16,16,0.2,0.8,0.1,0.1,0.2
571,-16,-0.99,-16,-0.1,-0.2,-0.99,1996342588,-0.6,16,16,0.2,0.8,0.1,0.1,0.4
573,-16,-0.99,-16,-0.1,-0.2,-0.99,1996342640,-0.6,16,16,0.2,0.8,0.1,0.1,0.6
575,-16,-0.99,-16,-0.1,-0.2,-0.99,1996342750,-0.6,16,16,0.2,0.8,0.1,0.1,0.8
577,-16,-0.99,-16,-0.1,-0.2,-0.99,1996342883,-0.6,16,16,0.2,0.8,0.1,0.2,0.1
579,-16,-0.99,-16,-0.1,-0.2,-0.99,1996342972,-0.6,16,16,0.2,0.8,0.1,0.2,0.3
581,-16,-0.99,-16,-0.1,-0.2,-0.99,1996343035,-0.6,16,16,0.2,0.8,0.1,0.2,0.5
583,-16,-0.99,-16,-0.1,-0.2,-0.99,1996343085,-0.6,16,16,0.2,0.8,0.1,0.2,0.7
585,-16,-0.99,-16,-0.1,-0.2,-0.99,1996343131,-0.6,16,16,0.2,0.8,0.1,0.2,0.9
587,-16,-0.99,-16,-0.1,-0.2,-0.99,1996343176,-0.6,16,16,0.2,0.8,0.1,0.3,0.2
589,-16,-0.99,-16,-0.1,-0.2,-0.99,1996343407,-0.6,16,16,0.2,0.8,0.1,0.3,0.4
591,-16,-0.99,-16,-0.1,-0.2,-0.99,1996343556,-0.6,16,16,0.2,0.8,0.1,0.3,0.6
593,-16,-0.99,-16,-0.1,-0.2,-0.99,1996343598,-0.6,16,16,0.2,0.8,0.1,0.3,0.8
595,-16,-0.99,-16,-0.1,-0.2,-0.99,1996343649,-0.6,16,16,0.2,0.8,0.1,0.4,0.1
597,-16,-0.99,-16,-0.1,-0.2,-0.99,1996343694,-0.6,16,16,0.2,0.8,0.1,0.4,0.3
599,-16,-0.99,-16,-0.1,-0.2,-0.99,1996343734,-0.6,16,16,0.2,0.8,0.1,0.4,0.5
601,-16,-0.99,-16,-0.1,-0.2,-0.99,1996343779,-0.6,16,16,0.2,0.8,0.1,0.4,0.7
603,-16,-0.99,-16,-0.1,-0.2,-0.99,1996343827,-0.6,16,16,0.2,0.8,0.1,0.4,0.9
605,-16,-0.99,-16,-0.1,-0.2,-0.99,1996343868,-0.6,16,16,0.2,0.8,0.1,0.5,0.2
607,-16,-0.99,-16,-0.1,-0.2,-0.99,1996343919,-0.6,16,16,0.2,0.8,0.1,0.5,0.4
609,-16,-0.99,-16,-0.1,-0.2,-0.99,1996344048,-0.6,16,16,0.2,0.8,0.1,0.5,0.6
611,-16,-0.99,-16,-0.1,-0.2,-0.99,1996344258,-0.6,16,16,0.2,0.8,0.1,0.5,0.8
613,-16,-0.99,-16,-0.1,-0.2,-0.99,1996344296,-0.6,16,16,0.2,0.8,0.1,0.6,0.1
615,-16,-0.99,-16,-0.1,-0.2,-0.99,1996344338,-0.6,16,16,0.2,0.8,0.1,0.6,0.3
617,-16,-0.99,-16,-0.1,-0.2,-0.99,1996344378,-0.6,16,16,0.2,0.8,0.1,0.6,0.5
619,-16,-0.99,-16,-0.1,-0.2,-0.99,1996344434,-0.6,16,16,0.2,0.8,0.1,0.6,0.7
621,-16,-0.99,-16,-0.1,-0.2,-0.99,1996344463,-0.6,16,16,0.2,0.8,0.1,0.6,0.9
623,-16,-0.99,-16,-0.1,-0.2,-0.99,1996344504,-0.6,16,16,0.2,0.8,0.1,0.7,0.2
625,-16,-0.99,-16,-0.1,-0.2,-0.99,1996344573,-0.6,16,16,0.2,0.8,0.1,0.7,0.4
627,-16,-0.99,-16,-0.1,-0.2,-0.99,1996344625,-0.6,16,16,0.2,0.8,0.1,0.7,0.6
629,-16,-0.99,-16,-0.1,-0.2,-0.99,1996344683,-0.6,16,16,0.2,0.8,0.1,0.7,0.8
631,-16,-0.99,-16,-0.1,-0.2,-0.99,1996344732,-0.6,16,16,0.2,0.8,0.1,0.8,0.1
633,-16,-0.99,-16,-0.1,-0.2,-0.99,1996344776,-0.6,16,16,0.2,0.8,0.1,0.8,0.3
635,-16,-0.99,-16,-0.1,-0.2,-0.99,1996344819,-0.6,16,16,0.2,0.8,0.1,0.8,0.5
637,-16,-0.99,-16,-0.1,-0.2,-0.99,1996344861,-0.6,16,16,0.2,0.8,0.1,0.8,0.7
639,-16,-0.99,-16,-0.1,-0.2,-0.99,1996344929,-0.6,16,16,0.2,0.8,0.1,0.8,0.9
641,-16,-0.99,-16,-0.1,-0.2,-0.99,1996344968,-0.6,16,16,0.2,0.8,0.1,0.9,0.2
643,-16,-0.99,-16,-0.1,-0.2,-0.99,1996345030,-0.6,16,16,0.2,0.8,0.1,0.9,0.4
645,-16,-0.99,-16,-0.1,-0.2,-0.99,1996345070,-0.6,16,16,0.2,0.8,0.1,0.9,0.6
647,-16,-0.99,-16,-0.1,-0.2,-0.99,1996345111,-0.6,16,16,0.2,0.8,0.1,0.9,0.8
649,-16,-0.99,-16,-0.1,-0.2,-0.99,1996345170,-0.6,16,16,0.2,0.9,0.1,0.1,0.1
651,-16,-0.99,-16,-0.1,-0.2,-0.99,1996345217,-0.6,16,16,0.2,0.9,0.1,0.1,0.3
653,-16,-0.99,-16,-0.1,-0.2,-0.99,1996345260,-0.6,16,16,0.2,0.9,0.1,0.1,0.5
655,-16,-0.99,-16,-0.1,-0.2,-0.99,1996345298,-0.6,16,16,0.2,0.9,0.1,0.1,0.7
657,-16,-0.99,-16,-0.1,-0.2,-0.99,1996345334,-0.6,16,16,0.2,0.9,0.1,0.1,0.9
659,-16,-0.99,-16,-0.1,-0.2,-0.99,1996345379,-0.6,16,16,0.2,0.9,0.1,0.2,0.2
661,-16,-0.99,-16,-0.1,-0.2,-0.99,1996345426,-0.6,16,16,0.2,0.9,0.1,0.2,0.4
663,-16,-0.99,-16,-0.1,-0.2,-0.99,1996345490,-0.6,16,16,0.2,0.9,0.1,0.2,0.6
665,-16,-0.99,-16,-0.1,-0.2,-0.99,1996345546,-0.6,16,16,0.2,0.9,0.1,0.2,0.8
667,-16,-0.99,-16,-0.1,-0.2,-0.99,1996345598,-0.6,16,16,0.2,0.9,0.1,0.3,0.1
669,-16,-0.99,-16,-0.1,-0.2,-0.99,1996345636,-0.6,16,16,0.2,0.9,0.1,0.3,0.3
671,-16,-0.99,-16,-0.1,-0.2,-0.99,1996345713,-0.6,16,16,0.2,0.9,0.1,0.3,0.5
673,-16,-0.99,-16,-0.1,-0.2,-0.99,1996345770,-0.6,16,16,0.2,0.9,0.1,0.3,0.7
675,-16,-0.99,-16,-0.1,-0.2,-0.99,1996345830,-0.6,16,16,0.2,0.9,0.1,0.3,0.9
677,-16,-0.99,-16,-0.1,-0.2,-0.99,1996345921,-0.6,16,16,0.2,0.9,0.1,0.4,0.2
679,-16,-0.99,-16,-0.1,-0.2,-0.99,1996345973,-0.6,16,16,0.2,0.9,0.1,0.4,0.4
681,-16,-0.99,-16,-0.1,-0.2,-0.99,1996346008,-0.6,16,16,0.2,0.9,0.1,0.4,0.6
683,-16,-0.99,-16,-0.1,-0.2,-0.99,1996346052,-0.6,16,16,0.2,0.9,0.1,0.4,0.8
685,-16,-0.99,-16,-0.1,-0.2,-0.99,1996346090,-0.6,16,16,0.2,0.9,0.1,0.5,0.1
687,-16,-0.99,-16,-0.1,-0.2,-0.99,1996346129,-0.6,16,16,0.2,0.9,0.1,0.5,0.3
689,-16,-0.99,-16,-0.1,-0.2,-0.99,1996346183,-0.6,16,16,0.2,0.9,0.1,0.5,0.5
691,-16,-0.99,-16,-0.1,-0.2,-0.99,1996346222,-0.6,16,16,0.2,0.9,0.1,0.5,0.7
693,-16,-0.99,-16,-0.1,-0.2,-0.99,1996346255,-0.6,16,16,0.2,0.9,0.1,0.5,0.9
695,-16,-0.99,-16,-0.1,-0.2,-0.99,1996346306,-0.6,16,16,0.2,0.9,0.1,0.6,0.2
697,-16,-0.99,-16,-0.1,-0.2,-0.99,1996346353,-0.6,16,16,0.2,0.9,0.1,0.6,0.4
699,-16,-0.99,-16,-0.1,-0.2,-0.99,1996346398,-0.6,16,16,0.2,0.9,0.1,0.6,0.6
701,-16,-0.99,-16,-0.1,-0.2,-0.99,1996346496,-0.6,16,16,0.2,0.9,0.1,0.6,0.8
703,-16,-0.99,-16,-0.1,-0.2,-0.99,1996346559,-0.6,16,16,0.2,0.9,0.1,0.7,0.1
705,-16,-0.99,-16,-0.1,-0.2,-0.99,1996346627,-0.6,16,16,0.2,0.9,0.1,0.7,0.3
707,-16,-0.99,-16,-0.1,-0.2,-0.99,1996346688,-0.6,16,16,0.2,0.9,0.1,0.7,0.5
709,-16,-0.99,-16,-0.1,-0.2,-0.99,1996346755,-0.6,16,16,0.2,0.9,0.1,0.7,0.7
711,-16,-0.99,-16,-0.1,-0.2,-0.99,1996346804,-0.6,16,16,0.2,0.9,0.1,0.7,0.9
713,-16,-0.99,-16,-0.1,-0.2,-0.99,1996346869,-0.6,16,16,0.2,0.9,0.1,0.8,0.2
715,-16,-0.99,-16,-0.1,-0.2,-0.99,1996346923,-0.6,16,16,0.2,0.9,0.1,0.8,0.4
717,-16,-0.99,-16,-0.1,-0.2,-0.99,1996346965,-0.6,16,16,0.2,0.9,0.1,0.8,0.6
719,-16,-0.99,-16,-0.1,-0.2,-0.99,1996347050,-0.6,16,16,0.2,0.9,0.1,0.8,0.8
721,-16,-0.99,-16,-0.1,-0.2,-0.99,1996347145,-0.6,16,16,0.2,0.9,0.1,0.9,0.1
723,-16,-0.99,-16,-0.1,-0.2,-0.99,1996347224,-0.6,16,16,0.2,0.9,0.1,0.9,0.3
725,-16,-0.99,-16,-0.1,-0.2,-0.99,1996347259,-0.6,16,16,0.2,0.9,0.1,0.9,0.5
727,-16,-0.99,-16,-0.1,-0.2,-0.99,1996347296,-0.6,16,16,0.2,0.9,0.1,0.9,0.7
729,-16,-0.99,-16,-0.1,-0.2,-0.99,1996347347,-0.6,16,16,0.2,0.9,0.1,0.9,0.9
2,-16,-0.99,-16,-0.1,-0.2,-0.99,1996314293,-0.6,16,16,0.2,0.1,0.1,0.1,0.2
4,-16,-0.99,-16,-0.1,-0.2,-0.99,1996317687,-0.6,16,16,0.2,0.1,0.1,0.1,0.4
6,-16,-0.99,-16,-0.1,-0.2,-0.99,1996318953,-0.6,16,16,0.2,0.1,0.1,0.1,0.6
8,-16,-0.99,-16,-0.1,-0.2,-0.99,1996320437,-0.6,16,16,0.2,0.1,0.1,0.1,0.8
10,-16,-0.99,-16,-0.1,-0.2,-0.99,1996321472,-0.6,16,16,0.2,0.1,0.1,0.2,0.1
12,-16,-0.99,-16,-0.1,-0.2,-0.99,1996321788,-0.6,16,16,0.2,0.1,0.1,0.2,0.3
14,-16,-0.99,-16,-0.1,-0.2,-0.99,1996321960,-0.6,16,16,0.2,0.1,0.1,0.2,0.5
16,-16,-0.99,-16,-0.1,-0.2,-0.99,1996322180,-0.6,16,16,0.2,0.1,0.1,0.2,0.7
18,-16,-0.99,-16,-0.1,-0.2,-0.99,1996322313,-0.6,16,16,0.2,0.1,0.1,0.2,0.9
20,-16,-0.99,-16,-0.1,-0.2,-0.99,1996323020,-0.6,16,16,0.2,0.1,0.1,0.3,0.2
22,-16,-0.99,-16,-0.1,-0.2,-0.99,1996323233,-0.6,16,16,0.2,0.1,0.1,0.3,0.4
24,-16,-0.99,-16,-0.1,-0.2,-0.99,1996323484,-0.6,16,16,0.2,0.1,0.1,0.3,0.6
26,-16,-0.99,-16,-0.1,-0.2,-0.99,1996323627,-0.6,16,16,0.2,0.1,0.1,0.3,0.8
28,-16,-0.99,-16,-0.1,-0.2,-0.99,1996323743,-0.6,16,16,0.2,0.1,0.1,0.4,0.1
30,-16,-0.99,-16,-0.1,-0.2,-0.99,1996323888,-0.6,16,16,0.2,0.1,0.1,0.4,0.3
32,-16,-0.99,-16,-0.1,-0.2,-0.99,1996324112,-0.6,16,16,0.2,0.1,0.1,0.4,0.5
34,-16,-0.99,-16,-0.1,-0.2,-0.99,1996324222,-0.6,16,16,0.2,0.1,0.1,0.4,0.7
36,-16,-0.99,-16,-0.1,-0.2,-0.99,1996324399,-0.6,16,16,0.2,0.1,0.1,0.4,0.9
38,-16,-0.99,-16,-0.1,-0.2,-0.99,1996324463,-0.6,16,16,0.2,0.1,0.1,0.5,0.2
40,-16,-0.99,-16,-0.1,-0.2,-0.99,1996324539,-0.6,16,16,0.2,0.1,0.1,0.5,0.4
42,-16,-0.99,-16,-0.1,-0.2,-0.99,1996324609,-0.6,16,16,0.2,0.1,0.1,0.5,0.6
44,-16,-0.99,-16,-0.1,-0.2,-0.99,1996324678,-0.6,16,16,0.2,0.1,0.1,0.5,0.8
46,-16,-0.99,-16,-0.1,-0.2,-0.99,1996324743,-0.6,16,16,0.2,0.1,0.1,0.6,0.1
48,-16,-0.99,-16,-0.1,-0.2,-0.99,1996324889,-0.6,16,16,0.2,0.1,0.1,0.6,0.3
50,-16,-0.99,-16,-0.1,-0.2,-0.99,1996325006,-0.6,16,16,0.2,0.1,0.1,0.6,0.5
52,-16,-0.99,-16,-0.1,-0.2,-0.99,1996325088,-0.6,16,16,0.2,0.1,0.1,0.6,0.7
54,-16,-0.99,-16,-0.1,-0.2,-0.99,1996325187,-0.6,16,16,0.2,0.1,0.1,0.6,0.9
56,-16,-0.99,-16,-0.1,-0.2,-0.99,1996325248,-0.6,16,16,0.2,0.1,0.1,0.7,0.2
58,-16,-0.99,-16,-0.1,-0.2,-0.99,1996325326,-0.6,16,16,0.2,0.1,0.1,0.7,0.4
60,-16,-0.99,-16,-0.1,-0.2,-0.99,1996325391,-0.6,16,16,0.2,0.1,0.1,0.7,0.6
62,-16,-0.99,-16,-0.1,-0.2,-0.99,1996325503,-0.6,16,16,0.2,0.1,0.1,0.7,0.8
64,-16,-0.99,-16,-0.1,-0.2,-0.99,1996325563,-0.6,16,16,0.2,0.1,0.1,0.8,0.1
66,-16,-0.99,-16,-0.1,-0.2,-0.99,1996325654,-0.6,16,16,0.2,0.1,0.1,0.8,0.3
68,-16,-0.99,-16,-0.1,-0.2,-0.99,1996325713,-0.6,16,16,0.2,0.1,0.1,0.8,0.5
70,-16,-0.99,-16,-0.1,-0.2,-0.99,1996325823,-0.6,16,16,0.2,0.1,0.1,0.8,0.7
72,-16,-0.99,-16,-0.1,-0.2,-0.99,1996325952,-0.6,16,16,0.2,0.1,0.1,0.8,0.9
74,-16,-0.99,-16,-0.1,-0.2,-0.99,1996326128,-0.6,16,16,0.2,0.1,0.1,0.9,0.2
76,-16,-0.99,-16,-0.1,-0.2,-0.99,1996326192,-0.6,16,16,0.2,0.1,0.1,0.9,0.4
78,-16,-0.99,-16,-0.1,-0.2,-0.99,1996326258,-0.6,16,16,0.2,0.1,0.1,0.9,0.6
80,-16,-0.99,-16,-0.1,-0.2,-0.99,1996326319,-0.6,16,16,0.2,0.1,0.1,0.9,0.8
82,-16,-0.99,-16,-0.1,-0.2,-0.99,1996326383,-0.6,16,16,0.2,0.2,0.1,0.1,0.1
84,-16,-0.99,-16,-0.1,-0.2,-0.99,1996326522,-0.6,16,16,0.2,0.2,0.1,0.1,0.3
86,-16,-0.99,-16,-0.1,-0.2,-0.99,1996326637,-0.6,16,16,0.2,0.2,0.1,0.1,0.5
88,-16,-0.99,-16,-0.1,-0.2,-0.99,1996326864,-0.6,16,16,0.2,0.2,0.1,0.1,0.7
90,-16,-0.99,-16,-0.1,-0.2,-0.99,1996326911,-0.6,16,16,0.2,0.2,0.1,0.1,0.9
92,-16,-0.99,-16,-0.1,-0.2,-0.99,1996327043,-0.6,16,16,0.2,0.2,0.1,0.2,0.2
94,-16,-0.99,-16,-0.1,-0.2,-0.99,1996327101,-0.6,16,16,0.2,0.2,0.1,0.2,0.4
96,-16,-0.99,-16,-0.1,-0.2,-0.99,1996327193,-0.6,16,16,0.2,0.2,0.1,0.2,0.6
98,-16,-0.99,-16,-0.1,-0.2,-0.99,1996327249,-0.6,16,16,0.2,0.2,0.1,0.2,0.8
100,-16,-0.99,-16,-0.1,-0.2,-0.99,1996327344,-0.6,16,16,0.2,0.2,0.1,0.3,0.1
102,-16,-0.99,-16,-0.1,-0.2,-0.99,1996327436,-0.6,16,16,0.2,0.2,0.1,0.3,0.3
104,-16,-0.99,-16,-0.1,-0.2,-0.99,1996327523,-0.6,16,16,0.2,0.2,0.1,0.3,0.5
106,-16,-0.99,-16,-0.1,-0.2,-0.99,1996327606,-0.6,16,16,0.2,0.2,0.1,0.3,0.7
108,-16,-0.99,-16,-0.1,-0.2,-0.99,1996327668,-0.6,16,16,0.2,0.2,0.1,0.3,0.9
110,-16,-0.99,-16,-0.1,-0.2,-0.99,1996327722,-0.6,16,16,0.2,0.2,0.1,0.4,0.2
112,-16,-0.99,-16,-0.1,-0.2,-0.99,1996327781,-0.6,16,16,0.2,0.2,0.1,0.4,0.4
114,-16,-0.99,-16,-0.1,-0.2,-0.99,1996327835,-0.6,16,16,0.2,0.2,0.1,0.4,0.6
116,-16,-0.99,-16,-0.1,-0.2,-0.99,1996327922,-0.6,16,16,0.2,0.2,0.1,0.4,0.8
118,-16,-0.99,-16,-0.1,-0.2,-0.99,1996327991,-0.6,16,16,0.2,0.2,0.1,0.5,0.1
120,-16,-0.99,-16,-0.1,-0.2,-0.99,1996328047,-0.6,16,16,0.2,0.2,0.1,0.5,0.3
122,-16,-0.99,-16,-0.1,-0.2,-0.99,1996328121,-0.6,16,16,0.2,0.2,0.1,0.5,0.5
124,-16,-0.99,-16,-0.1,-0.2,-0.99,1996328198,-0.6,16,16,0.2,0.2,0.1,0.5,0.7
126,-16,-0.99,-16,-0.1,-0.2,-0.99,1996328248,-0.6,16,16,0.2,0.2,0.1,0.5,0.9
128,-16,-0.99,-16,-0.1,-0.2,-0.99,1996328351,-0.6,16,16,0.2,0.2,0.1,0.6,0.2
130,-16,-0.99,-16,-0.1,-0.2,-0.99,1996328562,-0.6,16,16,0.2,0.2,0.1,0.6,0.4
132,-16,-0.99,-16,-0.1,-0.2,-0.99,1996328615,-0.6,16,16,0.2,0.2,0.1,0.6,0.6
134,-16,-0.99,-16,-0.1,-0.2,-0.99,1996328698,-0.6,16,16,0.2,0.2,0.1,0.6,0.8
136,-16,-0.99,-16,-0.1,-0.2,-0.99,1996328743,-0.6,16,16,0.2,0.2,0.1,0.7,0.1
138,-16,-0.99,-16,-0.1,-0.2,-0.99,1996328798,-0.6,16,16,0.2,0.2,0.1,0.7,0.3
140,-16,-0.99,-16,-0.1,-0.2,-0.99,1996328860,-0.6,16,16,0.2,0.2,0.1,0.7,0.5
142,-16,-0.99,-16,-0.1,-0.2,-0.99,1996328939,-0.6,16,16,0.2,0.2,0.1,0.7,0.7
144,-16,-0.99,-16,-0.1,-0.2,-0.99,1996328985,-0.6,16,16,0.2,0.2,0.1,0.7,0.9
146,-16,-0.99,-16,-0.1,-0.2,-0.99,1996329048,-0.6,16,16,0.2,0.2,0.1,0.8,0.2
148,-16,-0.99,-16,-0.1,-0.2,-0.99,1996329099,-0.6,16,16,0.2,0.2,0.1,0.8,0.4
150,-16,-0.99,-16,-0.1,-0.2,-0.99,1996329181,-0.6,16,16,0.2,0.2,0.1,0.8,0.6
152,-16,-0.99,-16,-0.1,-0.2,-0.99,1996329236,-0.6,16,16,0.2,0.2,0.1,0.8,0.8
154,-16,-0.99,-16,-0.1,-0.2,-0.99,1996329342,-0.6,16,16,0.2,0.2,0.1,0.9,0.1
156,-16,-0.99,-16,-0.1,-0.2,-0.99,1996329542,-0.6,16,16,0.2,0.2,0.1,0.9,0.3
158,-16,-0.99,-16,-0.1,-0.2,-0.99,1996329603,-0.6,16,16,0.2,0.2,0.1,0.9,0.5
160,-16,-0.99,-16,-0.1,-0.2,-0.99,1996329753,-0.6,16,16,0.2,0.2,0.1,0.9,0.7
162,-16,-0.99,-16,-0.1,-0.2,-0.99,1996329819,-0.6,16,16,0.2,0.2,0.1,0.9,0.9
164,-16,-0.99,-16,-0.1,-0.2,-0.99,1996329892,-0.6,16,16,0.2,0.3,0.1,0.1,0.2
166,-16,-0.99,-16,-0.1,-0.2,-0.99,1996329949,-0.6,16,16,0.2,0.3,0.1,0.1,0.4
168,-16,-0.99,-16,-0.1,-0.2,-0.99,1996330001,-0.6,16,16,0.2,0.3,0.1,0.1,0.6
170,-16,-0.99,-16,-0.1,-0.2,-0.99,1996330048,-0.6,16,16,0.2,0.3,0.1,0.1,0.8
172,-16,-0.99,-16,-0.1,-0.2,-0.99,1996330097,-0.6,16,16,0.2,0.3,0.1,0.2,0.1
174,-16,-0.99,-16,-0.1,-0.2,-0.99,1996330139,-0.6,16,16,0.2,0.3,0.1,0.2,0.3
176,-16,-0.99,-16,-0.1,-0.2,-0.99,1996330189,-0.6,16,16,0.2,0.3,0.1,0.2,0.5
178,-16,-0.99,-16,-0.1,-0.2,-0.99,1996330247,-0.6,16,16,0.2,0.3,0.1,0.2,0.7
180,-16,-0.99,-16,-0.1,-0.2,-0.99,1996330379,-0.6,16,16,0.2,0.3,0.1,0.2,0.9
182,-16,-0.99,-16,-0.1,-0.2,-0.99,1996330456,-0.6,16,16,0.2,0.3,0.1,0.3,0.2
184,-16,-0.99,-16,-0.1,-0.2,-0.99,1996330542,-0.6,16,16,0.2,0.3,0.1,0.3,0.4
186,-16,-0.99,-16,-0.1,-0.2,-0.99,1996330605,-0.6,16,16,0.2,0.3,0.1,0.3,0.6
188,-16,-0.99,-16,-0.1,-0.2,-0.99,1996330696,-0.6,16,16,0.2,0.3,0.1,0.3,0.8
190,-16,-0.99,-16,-0.1,-0.2,-0.99,1996330777,-0.6,16,16,0.2,0.3,0.1,0.4,0.1
192,-16,-0.99,-16,-0.1,-0.2,-0.99,1996330861,-0.6,16,16,0.2,0.3,0.1,0.4,0.3
194,-16,-0.99,-16,-0.1,-0.2,-0.99,1996330923,-0.6,16,16,0.2,0.3,0.1,0.4,0.5
196,-16,-0.99,-16,-0.1,-0.2,-0.99,1996331013,-0.6,16,16,0.2,0.3,0.1,0.4,0.7
198,-16,-0.99,-16,-0.1,-0.2,-0.99,1996331065,-0.6,16,16,0.2,0.3,0.1,0.4,0.9
200,-16,-0.99,-16,-0.1,-0.2,-0.99,1996331141,-0.6,16,16,0.2,0.3,0.1,0.5,0.2
202,-16,-0.99,-16,-0.1,-0.2,-0.99,1996331193,-0.6,16,16,0.2,0.3,0.1,0.5,0.4
204,-16,-0.99,-16,-0.1,-0.2,-0.99,1996331272,-0.6,16,16,0.2,0.3,0.1,0.5,0.6
206,-16,-0.99,-16,-0.1,-0.2,-0.99,1996331336,-0.6,16,16,0.2,0.3,0.1,0.5,0.8
208,-16,-0.99,-16,-0.1,-0.2,-0.99,1996331394,-0.6,16,16,0.2,0.3,0.1,0.6,0.1
210,-16,-0.99,-16,-0.1,-0.2,-0.99,1996331478,-0.6,16,16,0.2,0.3,0.1,0.6,0.3
212,-16,-0.99,-16,-0.1,-0.2,-0.99,1996331528,-0.6,16,16,0.2,0.3,0.1,0.6,0.5
214,-16,-0.99,-16,-0.1,-0.2,-0.99,1996331595,-0.6,16,16,0.2,0.3,0.1,0.6,0.7
216,-16,-0.99,-16,-0.1,-0.2,-0.99,1996331647,-0.6,16,16,0.2,0.3,0.1,0.6,0.9
218,-16,-0.99,-16,-0.1,-0.2,-0.99,1996331716,-0.6,16,16,0.2,0.3,0.1,0.7,0.2
220,-16,-0.99,-16,-0.1,-0.2,-0.99,1996331785,-0.6,16,16,0.2,0.3,0.1,0.7,0.4
222,-16,-0.99,-16,-0.1,-0.2,-0.99,1996331881,-0.6,16,16,0.2,0.3,0.1,0.7,0.6
224,-16,-0.99,-16,-0.1,-0.2,-0.99,1996332021,-0.6,16,16,0.2,0.3,0.1,0.7,0.8
226,-16,-0.99,-16,-0.1,-0.2,-0.99,1996332092,-0.6,16,16,0.2,0.3,0.1,0.8,0.1
228,-16,-0.99,-16,-0.1,-0.2,-0.99,1996332255,-0.6,16,16,0.2,0.3,0.1,0.8,0.3
230,-16,-0.99,-16,-0.1,-0.2,-0.99,1996332321,-0.6,16,16,0.2,0.3,0.1,0.8,0.5
232,-16,-0.99,-16,-0.1,-0.2,-0.99,1996332381,-0.6,16,16,0.2,0.3,0.1,0.8,0.7
234,-16,-0.99,-16,-0.1,-0.2,-0.99,1996332453,-0.6,16,16,0.2,0.3,0.1,0.8,0.9
236,-16,-0.99,-16,-0.1,-0.2,-0.99,1996332562,-0.6,16,16,0.2,0.3,0.1,0.9,0.2
238,-16,-0.99,-16,-0.1,-0.2,-0.99,1996332639,-0.6,16,16,0.2,0.3,0.1,0.9,0.4
240,-16,-0.99,-16,-0.1,-0.2,-0.99,1996332738,-0.6,16,16,0.2,0.3,0.1,0.9,0.6
242,-16,-0.99,-16,-0.1,-0.2,-0.99,1996332800,-0.6,16,16,0.2,0.3,0.1,0.9,0.8
244,-16,-0.99,-16,-0.1,-0.2,-0.99,1996332864,-0.6,16,16,0.2,0.4,0.1,0.1,0.1
246,-16,-0.99,-16,-0.1,-0.2,-0.99,1996332911,-0.6,16,16,0.2,0.4,0.1,0.1,0.3
248,-16,-0.99,-16,-0.1,-0.2,-0.99,1996332962,-0.6,16,16,0.2,0.4,0.1,0.1,0.5
250,-16,-0.99,-16,-0.1,-0.2,-0.99,1996333018,-0.6,16,16,0.2,0.4,0.1,0.1,0.7
252,-16,-0.99,-16,-0.1,-0.2,-0.99,1996333075,-0.6,16,16,0.2,0.4,0.1,0.1,0.9
254,-16,-0.99,-16,-0.1,-0.2,-0.99,1996333119,-0.6,16,16,0.2,0.4,0.1,0.2,0.2
256,-16,-0.99,-16,-0.1,-0.2,-0.99,1996333242,-0.6,16,16,0.2,0.4,0.1,0.2,0.4
258,-16,-0.99,-16,-0.1,-0.2,-0.99,1996333449,-0.6,16,16,0.2,0.4,0.1,0.2,0.6
260,-16,-0.99,-16,-0.1,-0.2,-0.99,1996333513,-0.6,16,16,0.2,0.4,0.1,0.2,0.8
262,-16,-0.99,-16,-0.1,-0.2,-0.99,1996333568,-0.6,16,16,0.2,0.4,0.1,0.3,0.1
264,-16,-0.99,-16,-0.1,-0.2,-0.99,1996333621,-0.6,16,16,0.2,0.4,0.1,0.3,0.3
266,-16,-0.99,-16,-0.1,-0.2,-0.99,1996333703,-0.6,16,16,0.2,0.4,0.1,0.3,0.5
268,-16,-0.99,-16,-0.1,-0.2,-0.99,1996333797,-0.6,16,16,0.2,0.4,0.1,0.3,0.7
270,-16,-0.99,-16,-0.1,-0.2,-0.99,1996333858,-0.6,16,16,0.2,0.4,0.1,0.3,0.9
272,-16,-0.99,-16,-0.1,-0.2,-0.99,1996333910,-0.6,16,16,0.2,0.4,0.1,0.4,0.2
274,-16,-0.99,-16,-0.1,-0.2,-0.99,1996333955,-0.6,16,16,0.2,0.4,0.1,0.4,0.4
276,-16,-0.99,-16,-0.1,-0.2,-0.99,1996334018,-0.6,16,16,0.2,0.4,0.1,0.4,0.6
278,-16,-0.99,-16,-0.1,-0.2,-0.99,1996334073,-0.6,16,16,0.2,0.4,0.1,0.4,0.8
280,-16,-0.99,-16,-0.1,-0.2,-0.99,1996334123,-0.6,16,16,0.2,0.4,0.1,0.5,0.1
282,-16,-0.99,-16,-0.1,-0.2,-0.99,1996334169,-0.6,16,16,0.2,0.4,0.1,0.5,0.3
284,-16,-0.99,-16,-0.1,-0.2,-0.99,1996334221,-0.6,16,16,0.2,0.4,0.1,0.5,0.5
286,-16,-0.99,-16,-0.1,-0.2,-0.99,1996334281,-0.6,16,16,0.2,0.4,0.1,0.5,0.7
288,-16,-0.99,-16,-0.1,-0.2,-0.99,1996334318,-0.6,16,16,0.2,0.4,0.1,0.5,0.9
290,-16,-0.99,-16,-0.1,-0.2,-0.99,1996334372,-0.6,16,16,0.2,0.4,0.1,0.6,0.2
292,-16,-0.99,-16,-0.1,-0.2,-0.99,1996334453,-0.6,16,16,0.2,0.4,0.1,0.6,0.4
294,-16,-0.99,-16,-0.1,-0.2,-0.99,1996334500,-0.6,16,16,0.2,0.4,0.1,0.6,0.6
296,-16,-0.99,-16,-0.1,-0.2,-0.99,1996334563,-0.6,16,16,0.2,0.4,0.1,0.6,0.8
298,-16,-0.99,-16,-0.1,-0.2,-0.99,1996334617,-0.6,16,16,0.2,0.4,0.1,0.7,0.1
300,-16,-0.99,-16,-0.1,-0.2,-0.99,1996334673,-0.6,16,16,0.2,0.4,0.1,0.7,0.3
302,-16,-0.99,-16,-0.1,-0.2,-0.99,1996334709,-0.6,16,16,0.2,0.4,0.1,0.7,0.5
304,-16,-0.99,-16,-0.1,-0.2,-0.99,1996334749,-0.6,16,16,0.2,0.4,0.1,0.7,0.7
306,-16,-0.99,-16,-0.1,-0.2,-0.99,1996334807,-0.6,16,16,0.2,0.4,0.1,0.7,0.9
308,-16,-0.99,-16,-0.1,-0.2,-0.99,1996334870,-0.6,16,16,0.2,0.4,0.1,0.8,0.2
310,-16,-0.99,-16,-0.1,-0.2,-0.99,1996334919,-0.6,16,16,0.2,0.4,0.1,0.8,0.4
312,-16,-0.99,-16,-0.1,-0.2,-0.99,1996334977,-0.6,16,16,0.2,0.4,0.1,0.8,0.6
314,-16,-0.99,-16,-0.1,-0.2,-0.99,1996335033,-0.6,16,16,0.2,0.4,0.1,0.8,0.8
316,-16,-0.99,-16,-0.1,-0.2,-0.99,1996335133,-0.6,16,16,0.2,0.4,0.1,0.9,0.1
318,-16,-0.99,-16,-0.1,-0.2,-0.99,1996335198,-0.6,16,16,0.2,0.4,0.1,0.9,0.3
320,-16,-0.99,-16,-0.1,-0.2,-0.99,1996335272,-0.6,16,16,0.2,0.4,0.1,0.9,0.5
322,-16,-0.99,-16,-0.1,-0.2,-0.99,1996335357,-0.6,16,16,0.2,0.4,0.1,0.9,0.7
324,-16,-0.99,-16,-0.1,-0.2,-0.99,1996335447,-0.6,16,16,0.2,0.4,0.1,0.9,0.9
326,-16,-0.99,-16,-0.1,-0.2,-0.99,1996335640,-0.6,16,16,0.2,0.5,0.1,0.1,0.2
328,-16,-0.99,-16,-0.1,-0.2,-0.99,1996335897,-0.6,16,16,0.2,0.5,0.1,0.1,0.4
330,-16,-0.99,-16,-0.1,-0.2,-0.99,1996336102,-0.6,16,16,0.2,0.5,0.1,0.1,0.6
332,-16,-0.99,-16,-0.1,-0.2,-0.99,1996336218,-0.6,16,16,0.2,0.5,0.1,0.1,0.8
334,-16,-0.99,-16,-0.1,-0.2,-0.99,1996336382,-0.6,16,16,0.2,0.5,0.1,0.2,0.1
336,-16,-0.99,-16,-0.1,-0.2,-0.99,1996336451,-0.6,16,16,0.2,0.5,0.1,0.2,0.3
338,-16,-0.99,-16,-0.1,-0.2,-0.99,1996336528,-0.6,16,16,0.2,0.5,0.1,0.2,0.5
340,-16,-0.99,-16,-0.1,-0.2,-0.99,1996336572,-0.6,16,16,0.2,0.5,0.1,0.2,0.7
342,-16,-0.99,-16,-0.1,-0.2,-0.99,1996336614,-0.6,16,16,0.2,0.5,0.1,0.2,0.9
344,-16,-0.99,-16,-0.1,-0.2,-0.99,1996336691,-0.6,16,16,0.2,0.5,0.1,0.3,0.2
346,-16,-0.99,-16,-0.1,-0.2,-0.99,1996336733,-0.6,16,16,0.2,0.5,0.1,0.3,0.4
348,-16,-0.99,-16,-0.1,-0.2,-0.99,1996336784,-0.6,16,16,0.2,0.5,0.1,0.3,0.6
350,-16,-0.99,-16,-0.1,-0.2,-0.99,1996336843,-0.6,16,16,0.2,0.5,0.1,0.3,0.8
352,-16,-0.99,-16,-0.1,-0.2,-0.99,1996336918,-0.6,16,16,0.2,0.5,0.1,0.4,0.1
354,-16,-0.99,-16,-0.1,-0.2,-0.99,1996336978,-0.6,16,16,0.2,0.5,0.1,0.4,0.3
356,-16,-0.99,-16,-0.1,-0.2,-0.99,1996337020,-0.6,16,16,0.2,0.5,0.1,0.4,0.5
358,-16,-0.99,-16,-0.1,-0.2,-0.99,1996337074,-0.6,16,16,0.2,0.5,0.1,0.4,0.7
360,-16,-0.99,-16,-0.1,-0.2,-0.99,1996337118,-0.6,16,16,0.2,0.5,0.1,0.4,0.9
362,-16,-0.99,-16,-0.1,-0.2,-0.99,1996337170,-0.6,16,16,0.2,0.5,0.1,0.5,0.2
364,-16,-0.99,-16,-0.1,-0.2,-0.99,1996337220,-0.6,16,16,0.2,0.5,0.1,0.5,0.4
366,-16,-0.99,-16,-0.1,-0.2,-0.99,1996337265,-0.6,16,16,0.2,0.5,0.1,0.5,0.6
368,-16,-0.99,-16,-0.1,-0.2,-0.99,1996337326,-0.6,16,16,0.2,0.5,0.1,0.5,0.8
370,-16,-0.99,-16,-0.1,-0.2,-0.99,1996337382,-0.6,16,16,0.2,0.5,0.1,0.6,0.1
372,-16,-0.99,-16,-0.1,-0.2,-0.99,1996337433,-0.6,16,16,0.2,0.5,0.1,0.6,0.3
374,-16,-0.99,-16,-0.1,-0.2,-0.99,1996337483,-0.6,16,16,0.2,0.5,0.1,0.6,0.5
376,-16,-0.99,-16,-0.1,-0.2,-0.99,1996337544,-0.6,16,16,0.2,0.5,0.1,0.6,0.7
378,-16,-0.99,-16,-0.1,-0.2,-0.99,1996337597,-0.6,16,16,0.2,0.5,0.1,0.6,0.9
380,-16,-0.99,-16,-0.1,-0.2,-0.99,1996337647,-0.6,16,16,0.2,0.5,0.1,0.7,0.2
382,-16,-0.99,-16,-0.1,-0.2,-0.99,1996337701,-0.6,16,16,0.2,0.5,0.1,0.7,0.4
384,-16,-0.99,-16,-0.1,-0.2,-0.99,1996337866,-0.6,16,16,0.2,0.5,0.1,0.7,0.6
386,-16,-0.99,-16,-0.1,-0.2,-0.99,1996337957,-0.6,16,16,0.2,0.5,0.1,0.7,0.8
388,-16,-0.99,-16,-0.1,-0.2,-0.99,1996337999,-0.6,16,16,0.2,0.5,0.1,0.8,0.1
390,-16,-0.99,-16,-0.1,-0.2,-0.99,1996338044,-0.6,16,16,0.2,0.5,0.1,0.8,0.3
392,-16,-0.99,-16,-0.1,-0.2,-0.99,1996338088,-0.6,16,16,0.2,0.5,0.1,0.8,0.5
394,-16,-0.99,-16,-0.1,-0.2,-0.99,1996338145,-0.6,16,16,0.2,0.5,0.1,0.8,0.7
396,-16,-0.99,-16,-0.1,-0.2,-0.99,1996338202,-0.6,16,16,0.2,0.5,0.1,0.8,0.9
398,-16,-0.99,-16,-0.1,-0.2,-0.99,1996338241,-0.6,16,16,0.2,0.5,0.1,0.9,0.2
400,-16,-0.99,-16,-0.1,-0.2,-0.99,1996338299,-0.6,16,16,0.2,0.5,0.1,0.9,0.4
402,-16,-0.99,-16,-0.1,-0.2,-0.99,1996338355,-0.6,16,16,0.2,0.5,0.1,0.9,0.6
404,-16,-0.99,-16,-0.1,-0.2,-0.99,1996338398,-0.6,16,16,0.2,0.5,0.1,0.9,0.8
406,-16,-0.99,-16,-0.1,-0.2,-0.99,1996338457,-0.6,16,16,0.2,0.6,0.1,0.1,0.1
408,-16,-0.99,-16,-0.1,-0.2,-0.99,1996338490,-0.6,16,16,0.2,0.6,0.1,0.1,0.3
410,-16,-0.99,-16,-0.1,-0.2,-0.99,1996338557,-0.6,16,16,0.2,0.6,0.1,0.1,0.5
412,-16,-0.99,-16,-0.1,-0.2,-0.99,1996338607,-0.6,16,16,0.2,0.6,0.1,0.1,0.7
414,-16,-0.99,-16,-0.1,-0.2,-0.99,1996338647,-0.6,16,16,0.2,0.6,0.1,0.1,0.9
416,-16,-0.99,-16,-0.1,-0.2,-0.99,1996338707,-0.6,16,16,0.2,0.6,0.1,0.2,0.2
418,-16,-0.99,-16,-0.1,-0.2,-0.99,1996338788,-0.6,16,16,0.2,0.6,0.1,0.2,0.4
420,-16,-0.99,-16,-0.1,-0.2,-0.99,1996338837,-0.6,16,16,0.2,0.6,0.1,0.2,0.6
422,-16,-0.99,-16,-0.1,-0.2,-0.99,1996338897,-0.6,16,16,0.2,0.6,0.1,0.2,0.8
424,-16,-0.99,-16,-0.1,-0.2,-0.99,1996338947,-0.6,16,16,0.2,0.6,0.1,0.3,0.1
426,-16,-0.99,-16,-0.1,-0.2,-0.99,1996339008,-0.6,16,16,0.2,0.6,0.1,0.3,0.3
428,-16,-0.99,-16,-0.1,-0.2,-0.99,1996339057,-0.6,16,16,0.2,0.6,0.1,0.3,0.5
430,-16,-0.99,-16,-0.1,-0.2,-0.99,1996339111,-0.6,16,16,0.2,0.6,0.1,0.3,0.7
432,-16,-0.99,-16,-0.1,-0.2,-0.99,1996339153,-0.6,16,16,0.2,0.6,0.1,0.3,0.9
434,-16,-0.99,-16,-0.1,-0.2,-0.99,1996339205,-0.6,16,16,0.2,0.6,0.1,0.4,0.2
436,-16,-0.99,-16,-0.1,-0.2,-0.99,1996339251,-0.6,16,16,0.2,0.6,0.1,0.4,0.4
438,-16,-0.99,-16,-0.1,-0.2,-0.99,1996339301,-0.6,16,16,0.2,0.6,0.1,0.4,0.6
440,-16,-0.99,-16,-0.1,-0.2,-0.99,1996339354,-0.6,16,16,0.2,0.6,0.1,0.4,0.8
442,-16,-0.99,-16,-0.1,-0.2,-0.99,1996339408,-0.6,16,16,0.2,0.6,0.1,0.5,0.1
444,-16,-0.99,-16,-0.1,-0.2,-0.99,1996339493,-0.6,16,16,0.2,0.6,0.1,0.5,0.3
446,-16,-0.99,-16,-0.1,-0.2,-0.99,1996339535,-0.6,16,16,0.2,0.6,0.1,0.5,0.5
448,-16,-0.99,-16,-0.1,-0.2,-0.99,1996339584,-0.6,16,16,0.2,0.6,0.1,0.5,0.7
450,-16,-0.99,-16,-0.1,-0.2,-0.99,1996339640,-0.6,16,16,0.2,0.6,0.1,0.5,0.9
452,-16,-0.99,-16,-0.1,-0.2,-0.99,1996339712,-0.6,16,16,0.2,0.6,0.1,0.6,0.2
454,-16,-0.99,-16,-0.1,-0.2,-0.99,1996339789,-0.6,16,16,0.2,0.6,0.1,0.6,0.4
456,-16,-0.99,-16,-0.1,-0.2,-0.99,1996339859,-0.6,16,16,0.2,0.6,0.1,0.6,0.6
458,-16,-0.99,-16,-0.1,-0.2,-0.99,1996339923,-0.6,16,16,0.2,0.6,0.1,0.6,0.8
460,-16,-0.99,-16,-0.1,-0.2,-0.99,1996339981,-0.6,16,16,0.2,0.6,0.1,0.7,0.1
462,-16,-0.99,-16,-0.1,-0.2,-0.99,1996340021,-0.6,16,16,0.2,0.6,0.1,0.7,0.3
464,-16,-0.99,-16,-0.1,-0.2,-0.99,1996340064,-0.6,16,16,0.2,0.6,0.1,0.7,0.5
466,-16,-0.99,-16,-0.1,-0.2,-0.99,1996340115,-0.6,16,16,0.2,0.6,0.1,0.7,0.7
468,-16,-0.99,-16,-0.1,-0.2,-0.99,1996340168,-0.6,16,16,0.2,0.6,0.1,0.7,0.9
470,-16,-0.99,-16,-0.1,-0.2,-0.99,1996340264,-0.6,16,16,0.2,0.6,0.1,0.8,0.2
472,-16,-0.99,-16,-0.1,-0.2,-0.99,1996340351,-0.6,16,16,0.2,0.6,0.1,0.8,0.4
474,-16,-0.99,-16,-0.1,-0.2,-0.99,1996340388,-0.6,16,16,0.2,0.6,0.1,0.8,0.6
476,-16,-0.99,-16,-0.1,-0.2,-0.99,1996340424,-0.6,16,16,0.2,0.6,0.1,0.8,0.8
478,-16,-0.99,-16,-0.1,-0.2,-0.99,1996340501,-0.6,16,16,0.2,0.6,0.1,0.9,0.1
480,-16,-0.99,-16,-0.1,-0.2,-0.99,1996340553,-0.6,16,16,0.2,0.6,0.1,0.9,0.3
482,-16,-0.99,-16,-0.1,-0.2,-0.99,1996340614,-0.6,16,16,0.2,0.6,0.1,0.9,0.5
484,-16,-0.99,-16,-0.1,-0.2,-0.99,1996340653,-0.6,16,16,0.2,0.6,0.1,0.9,0.7
486,-16,-0.99,-16,-0.1,-0.2,-0.99,1996340694,-0.6,16,16,0.2,0.6,0.1,0.9,0.9
488,-16,-0.99,-16,-0.1,-0.2,-0.99,1996340747,-0.6,16,16,0.2,0.7,0.1,0.1,0.2
490,-16,-0.99,-16,-0.1,-0.2,-0.99,1996340804,-0.6,16,16,0.2,0.7,0.1,0.1,0.4
492,-16,-0.99,-16,-0.1,-0.2,-0.99,1996340868,-0.6,16,16,0.2,0.7,0.1,0.1,0.6
494,-16,-0.99,-16,-0.1,-0.2,-0.99,1996340903,-0.6,16,16,0.2,0.7,0.1,0.1,0.8
496,-16,-0.99,-16,-0.1,-0.2,-0.99,1996340942,-0.6,16,16,0.2,0.7,0.1,0.2,0.1
498,-16,-0.99,-16,-0.1,-0.2,-0.99,1996340990,-0.6,16,16,0.2,0.7,0.1,0.2,0.3
500,-16,-0.99,-16,-0.1,-0.2,-0.99,1996341041,-0.6,16,16,0.2,0.7,0.1,0.2,0.5
502,-16,-0.99,-16,-0.1,-0.2,-0.99,1996341183,-0.6,16,16,0.2,0.7,0.1,0.2,0.7
504,-16,-0.99,-16,-0.1,-0.2,-0.99,1996341215,-0.6,16,16,0.2,0.7,0.1,0.2,0.9
506,-16,-0.99,-16,-0.1,-0.2,-0.99,1996341264,-0.6,16,16,0.2,0.7,0.1,0.3,0.2
508,-16,-0.99,-16,-0.1,-0.2,-0.99,1996341306,-0.6,16,16,0.2,0.7,0.1,0.3,0.4
510,-16,-0.99,-16,-0.1,-0.2,-0.99,1996341354,-0.6,16,16,0.2,0.7,0.1,0.3,0.6
512,-16,-0.99,-16,-0.1,-0.2,-0.99,1996341410,-0.6,16,16,0.2,0.7,0.1,0.3,0.8
514,-16,-0.99,-16,-0.1,-0.2,-0.99,1996341525,-0.6,16,16,0.2,0.7,0.1,0.4,0.1
516,-16,-0.99,-16,-0.1,-0.2,-0.99,1996341603,-0.6,16,16,0.2,0.7,0.1,0.4,0.3
518,-16,-0.99,-16,-0.1,-0.2,-0.99,1996341702,-0.6,16,16,0.2,0.7,0.1,0.4,0.5
520,-16,-0.99,-16,-0.1,-0.2,-0.99,1996341778,-0.6,16,16,0.2,0.7,0.1,0.4,0.7
522,-16,-0.99,-16,-0.1,-0.2,-0.99,1996341837,-0.6,16,16,0.2,0.7,0.1,0.4,0.9
524,-16,-0.99,-16,-0.1,-0.2,-0.99,1996341889,-0.6,16,16,0.2,0.7,0.1,0.5,0.2
526,-16,-0.99,-16,-0.1,-0.2,-0.99,1996341940,-0.6,16,16,0.2,0.7,0.1,0.5,0.4
528,-16,-0.99,-16,-0.1,-0.2,-0.99,1996341982,-0.6,16,16,0.2,0.7,0.1,0.5,0.6
530,-16,-0.99,-16,-0.1,-0.2,-0.99,1996342036,-0.6,16,16,0.2,0.7,0.1,0.5,0.8
532,-16,-0.99,-16,-0.1,-0.2,-0.99,1996342081,-0.6,16,16,0.2,0.7,0.1,0.6,0.1
534,-16,-0.99,-16,-0.1,-0.2,-0.99,1996342136,-0.6,16,16,0.2,0.7,0.1,0.6,0.3
536,-16,-0.99,-16,-0.1,-0.2,-0.99,1996342212,-0.6,16,16,0.2,0.7,0.1,0.6,0.5
538,-16,-0.99,-16,-0.1,-0.2,-0.99,1996342260,-0.6,16,16,0.2,0.7,0.1,0.6,0.7
540,-16,-0.99,-16,-0.1,-0.2,-0.99,1996342412,-0.6,16,16,0.2,0.7,0.1,0.6,0.9
542,-16,-0.99,-16,-0.1,-0.2,-0.99,1996342535,-0.6,16,16,0.2,0.7,0.1,0.7,0.2
544,-16,-0.99,-16,-0.1,-0.2,-0.99,1996342579,-0.6,16,16,0.2,0.7,0.1,0.7,0.4
546,-16,-0.99,-16,-0.1,-0.2,-0.99,1996342634,-0.6,16,16,0.2,0.7,0.1,0.7,0.6
548,-16,-0.99,-16,-0.1,-0.2,-0.99,1996342722,-0.6,16,16,0.2,0.7,0.1,0.7,0.8
550,-16,-0.99,-16,-0.1,-0.2,-0.99,1996342810,-0.6,16,16,0.2,0.7,0.1,0.8,0.1
552,-16,-0.99,-16,-0.1,-0.2,-0.99,1996342887,-0.6,16,16,0.2,0.7,0.1,0.8,0.3
554,-16,-0.99,-16,-0.1,-0.2,-0.99,1996342966,-0.6,16,16,0.2,0.7,0.1,0.8,0.5
556,-16,-0.99,-16,-0.1,-0.2,-0.99,1996343050,-0.6,16,16,0.2,0.7,0.1,0.8,0.7
558,-16,-0.99,-16,-0.1,-0.2,-0.99,1996343106,-0.6,16,16,0.2,0.7,0.1,0.8,0.9
560,-16,-0.99,-16,-0.1,-0.2,-0.99,1996343156,-0.6,16,16,0.2,0.7,0.1,0.9,0.2
562,-16,-0.99,-16,-0.1,-0.2,-0.99,1996343215,-0.6,16,16,0.2,0.7,0.1,0.9,0.4
564,-16,-0.99,-16,-0.1,-0.2,-0.99,1996343337,-0.6,16,16,0.2,0.7,0.1,0.9,0.6
566,-16,-0.99,-16,-0.1,-0.2,-0.99,1996343476,-0.6,16,16,0.2,0.7,0.1,0.9,0.8
568,-16,-0.99,-16,-0.1,-0.2,-0.99,1996343547,-0.6,16,16,0.2,0.8,0.1,0.1,0.1
570,-16,-0.99,-16,-0.1,-0.2,-0.99,1996343588,-0.6,16,16,0.2,0.8,0.1,0.1,0.3
572,-16,-0.99,-16,-0.1,-0.2,-0.99,1996343640,-0.6,16,16,0.2,0.8,0.1,0.1,0.5
574,-16,-0.99,-16,-0.1,-0.2,-0.99,1996343682,-0.6,16,16,0.2,0.8,0.1,0.1,0.7
576,-16,-0.99,-16,-0.1,-0.2,-0.99,1996343737,-0.6,16,16,0.2,0.8,0.1,0.1,0.9
578,-16,-0.99,-16,-0.1,-0.2,-0.99,1996343796,-0.6,16,16,0.2,0.8,0.1,0.2,0.2
580,-16,-0.99,-16,-0.1,-0.2,-0.99,1996343850,-0.6,16,16,0.2,0.8,0.1,0.2,0.4
582,-16,-0.99,-16,-0.1,-0.2,-0.99,1996343898,-0.6,16,16,0.2,0.8,0.1,0.2,0.6
584,-16,-0.99,-16,-0.1,-0.2,-0.99,1996343944,-0.6,16,16,0.2,0.8,0.1,0.2,0.8
586,-16,-0.99,-16,-0.1,-0.2,-0.99,1996344253,-0.6,16,16,0.2,0.8,0.1,0.3,0.1
588,-16,-0.99,-16,-0.1,-0.2,-0.99,1996344320,-0.6,16,16,0.2,0.8,0.1,0.3,0.3
590,-16,-0.99,-16,-0.1,-0.2,-0.99,1996344368,-0.6,16,16,0.2,0.8,0.1,0.3,0.5
592,-16,-0.99,-16,-0.1,-0.2,-0.99,1996344422,-0.6,16,16,0.2,0.8,0.1,0.3,0.7
594,-16,-0.99,-16,-0.1,-0.2,-0.99,1996344488,-0.6,16,16,0.2,0.8,0.1,0.3,0.9
596,-16,-0.99,-16,-0.1,-0.2,-0.99,1996344543,-0.6,16,16,0.2,0.8,0.1,0.4,0.2
598,-16,-0.99,-16,-0.1,-0.2,-0.99,1996344619,-0.6,16,16,0.2,0.8,0.1,0.4,0.4
600,-16,-0.99,-16,-0.1,-0.2,-0.99,1996344669,-0.6,16,16,0.2,0.8,0.1,0.4,0.6
602,-16,-0.99,-16,-0.1,-0.2,-0.99,1996344734,-0.6,16,16,0.2,0.8,0.1,0.4,0.8
604,-16,-0.99,-16,-0.1,-0.2,-0.99,1996344780,-0.6,16,16,0.2,0.8,0.1,0.5,0.1
606,-16,-0.99,-16,-0.1,-0.2,-0.99,1996344833,-0.6,16,16,0.2,0.8,0.1,0.5,0.3
608,-16,-0.99,-16,-0.1,-0.2,-0.99,1996344924,-0.6,16,16,0.2,0.8,0.1,0.5,0.5
610,-16,-0.99,-16,-0.1,-0.2,-0.99,1996344978,-0.6,16,16,0.2,0.8,0.1,0.5,0.7
612,-16,-0.99,-16,-0.1,-0.2,-0.99,1996345062,-0.6,16,16,0.2,0.8,0.1,0.5,0.9
614,-16,-0.99,-16,-0.1,-0.2,-0.99,1996345128,-0.6,16,16,0.2,0.8,0.1,0.6,0.2
616,-16,-0.99,-16,-0.1,-0.2,-0.99,1996345176,-0.6,16,16,0.2,0.8,0.1,0.6,0.4
618,-16,-0.99,-16,-0.1,-0.2,-0.99,1996345210,-0.6,16,16,0.2,0.8,0.1,0.6,0.6
620,-16,-0.99,-16,-0.1,-0.2,-0.99,1996345250,-0.6,16,16,0.2,0.8,0.1,0.6,0.8
622,-16,-0.99,-16,-0.1,-0.2,-0.99,1996345304,-0.6,16,16,0.2,0.8,0.1,0.7,0.1
624,-16,-0.99,-16,-0.1,-0.2,-0.99,1996345350,-0.6,16,16,0.2,0.8,0.1,0.7,0.3
626,-16,-0.99,-16,-0.1,-0.2,-0.99,1996345404,-0.6,16,16,0.2,0.8,0.1,0.7,0.5
628,-16,-0.99,-16,-0.1,-0.2,-0.99,1996345463,-0.6,16,16,0.2,0.8,0.1,0.7,0.7
630,-16,-0.99,-16,-0.1,-0.2,-0.99,1996345521,-0.6,16,16,0.2,0.8,0.1,0.7,0.9
632,-16,-0.99,-16,-0.1,-0.2,-0.99,1996345579,-0.6,16,16,0.2,0.8,0.1,0.8,0.2
634,-16,-0.99,-16,-0.1,-0.2,-0.99,1996345624,-0.6,16,16,0.2,0.8,0.1,0.8,0.4
636,-16,-0.99,-16,-0.1,-0.2,-0.99,1996345680,-0.6,16,16,0.2,0.8,0.1,0.8,0.6
638,-16,-0.99,-16,-0.1,-0.2,-0.99,1996345722,-0.6,16,16,0.2,0.8,0.1,0.8,0.8
640,-16,-0.99,-16,-0.1,-0.2,-0.99,1996345761,-0.6,16,16,0.2,0.8,0.1,0.9,0.1
642,-16,-0.99,-16,-0.1,-0.2,-0.99,1996345812,-0.6,16,16,0.2,0.8,0.1,0.9,0.3
644,-16,-0.99,-16,-0.1,-0.2,-0.99,1996345911,-0.6,16,16,0.2,0.8,0.1,0.9,0.5
646,-16,-0.99,-16,-0.1,-0.2,-0.99,1996345958,-0.6,16,16,0.2,0.8,0.1,0.9,0.7
648,-16,-0.99,-16,-0.1,-0.2,-0.99,1996345996,-0.6,16,16,0.2,0.8,0.1,0.9,0.9
650,-16,-0.99,-16,-0.1,-0.2,-0.99,1996346046,-0.6,16,16,0.2,0.9,0.1,0.1,0.2
652,-16,-0.99,-16,-0.1,-0.2,-0.99,1996346083,-0.6,16,16,0.2,0.9,0.1,0.1,0.4
654,-16,-0.99,-16,-0.1,-0.2,-0.99,1996346123,-0.6,16,16,0.2,0.9,0.1,0.1,0.6
656,-16,-0.99,-16,-0.1,-0.2,-0.99,1996346163,-0.6,16,16,0.2,0.9,0.1,0.1,0.8
658,-16,-0.99,-16,-0.1,-0.2,-0.99,1996346212,-0.6,16,16,0.2,0.9,0.1,0.2,0.1
660,-16,-0.99,-16,-0.1,-0.2,-0.99,1996346262,-0.6,16,16,0.2,0.9,0.1,0.2,0.3
662,-16,-0.99,-16,-0.1,-0.2,-0.99,1996346316,-0.6,16,16,0.2,0.9,0.1,0.2,0.5
664,-16,-0.99,-16,-0.1,-0.2,-0.99,1996346363,-0.6,16,16,0.2,0.9,0.1,0.2,0.7
666,-16,-0.99,-16,-0.1,-0.2,-0.99,1996346454,-0.6,16,16,0.2,0.9,0.1,0.2,0.9
668,-16,-0.99,-16,-0.1,-0.2,-0.99,1996346528,-0.6,16,16,0.2,0.9,0.1,0.3,0.2
670,-16,-0.99,-16,-0.1,-0.2,-0.99,1996346588,-0.6,16,16,0.2,0.9,0.1,0.3,0.4
672,-16,-0.99,-16,-0.1,-0.2,-0.99,1996346651,-0.6,16,16,0.2,0.9,0.1,0.3,0.6
674,-16,-0.99,-16,-0.1,-0.2,-0.99,1996346732,-0.6,16,16,0.2,0.9,0.1,0.3,0.8
676,-16,-0.99,-16,-0.1,-0.2,-0.99,1996346790,-0.6,16,16,0.2,0.9,0.1,0.4,0.1
678,-16,-0.99,-16,-0.1,-0.2,-0.99,1996346846,-0.6,16,16,0.2,0.9,0.1,0.4,0.3
680,-16,-0.99,-16,-0.1,-0.2,-0.99,1996346899,-0.6,16,16,0.2,0.9,0.1,0.4,0.5
682,-16,-0.99,-16,-0.1,-0.2,-0.99,1996346945,-0.6,16,16,0.2,0.9,0.1,0.4,0.7
684,-16,-0.99,-16,-0.1,-0.2,-0.99,1996347025,-0.6,16,16,0.2,0.9,0.1,0.4,0.9
686,-16,-0.99,-16,-0.1,-0.2,-0.99,1996347082,-0.6,16,16,0.2,0.9,0.1,0.5,0.2
688,-16,-0.99,-16,-0.1,-0.2,-0.99,1996347162,-0.6,16,16,0.2,0.9,0.1,0.5,0.4
690,-16,-0.99,-16,-0.1,-0.2,-0.99,1996347235,-0.6,16,16,0.2,0.9,0.1,0.5,0.6
692,-16,-0.99,-16,-0.1,-0.2,-0.99,1996347282,-0.6,16,16,0.2,0.9,0.1,0.5,0.8
694,-16,-0.99,-16,-0.1,-0.2,-0.99,1996347332,-0.6,16,16,0.2,0.9,0.1,0.6,0.1
696,-16,-0.99,-16,-0.1,-0.2,-0.99,1996347389,-0.6,16,16,0.2,0.9,0.1,0.6,0.3
698,-16,-0.99,-16,-0.1,-0.2,-0.99,1996347420,-0.6,16,16,0.2,0.9,0.1,0.6,0.5
700,-16,-0.99,-16,-0.1,-0.2,-0.99,1996347447,-0.6,16,16,0.2,0.9,0.1,0.6,0.7
702,-16,-0.99,-16,-0.1,-0.2,-0.99,1996347483,-0.6,16,16,0.2,0.9,0.1,0.6,0.9
704,-16,-0.99,-16,-0.1,-0.2,-0.99,1996347529,-0.6,16,16,0.2,0.9,0.1,0.7,0.2
706,-16,-0.99,-16,-0.1,-0.2,-0.99,1996347567,-0.6,16,16,0.2,0.9,0.1,0.7,0.4
708,-16,-0.99,-16,-0.1,-0.2,-0.99,1996347594,-0.6,16,16,0.2,0.9,0.1,0.7,0.6
710,-16,-0.99,-16,-0.1,-0.2,-0.99,1996347626,-0.6,16,16,0.2,0.9,0.1,0.7,0.8
712,-16,-0.99,-16,-0.1,-0.2,-0.99,1996347669,-0.6,16,16,0.2,0.9,0.1,0.8,0.1
714,-16,-0.99,-16,-0.1,-0.2,-0.99,1996347694,-0.6,16,16,0.2,0.9,0.1,0.8,0.3
716,-16,-0.99,-16,-0.1,-0.2,-0.99,1996347720,-0.6,16,16,0.2,0.9,0.1,0.8,0.5
718,-16,-0.99,-16,-0.1,-0.2,-0.99,1996347745,-0.6,16,16,0.2,0.9,0.1,0.8,0.7
720,-16,-0.99,-16,-0.1,-0.2,-0.99,1996347781,-0.6,16,16,0.2,0.9,0.1,0.8,0.9
722,-16,-0.99,-16,-0.1,-0.2,-0.99,1996347825,-0.6,16,16,0.2,0.9,0.1,0.9,0.2
724,-16,-0.99,-16,-0.1,-0.2,-0.99,1996347854,-0.6,16,16,0.2,0.9,0.1,0.9,0.4
726,-16,-0.99,-16,-0.1,-0.2,-0.99,1996347885,-0.6,16,16,0.2,0.9,0.1,0.9,0.6
728,-16,-0.99,-16,-0.1,-0.2,-0.99,1996347927,-0.6,16,16,0.2,0.9,0.1,0.9,0.8
