"run","default_observer_minPycor","DI_f_2","default_observer_minPxcor","DO_f_3","DO_f_2","DI_doublefail","randomSeed","DO_doublefail","default_observer_maxPycor","default_observer_maxPxcor","DI_s_3","DI_s_2","DI_f_3","DO_s_3","DO_s_2"
1,-16,-0.99,-16,-0.1,-0.2,-0.99,1998516753,-0.6,16,16,0.2,0.3,0.1,0.1,0.1
3,-16,-0.99,-16,-0.1,-0.2,-0.99,1998519440,-0.6,16,16,0.2,0.3,0.1,0.1,0.3
5,-16,-0.99,-16,-0.1,-0.2,-0.99,1998520182,-0.6,16,16,0.2,0.3,0.1,0.1,0.5
7,-16,-0.99,-16,-0.1,-0.2,-0.99,1998520835,-0.6,16,16,0.2,0.3,0.1,0.2,0.2
9,-16,-0.99,-16,-0.1,-0.2,-0.99,1998521293,-0.6,16,16,0.2,0.3,0.1,0.2,0.4
11,-16,-0.99,-16,-0.1,-0.2,-0.99,1998521745,-0.6,16,16,0.2,0.3,0.1,0.3,0.1
13,-16,-0.99,-16,-0.1,-0.2,-0.99,1998522136,-0.6,16,16,0.2,0.3,0.1,0.3,0.3
15,-16,-0.99,-16,-0.1,-0.2,-0.99,1998522253,-0.6,16,16,0.2,0.3,0.1,0.3,0.5
17,-16,-0.99,-16,-0.1,-0.2,-0.99,1998522525,-0.6,16,16,0.2,0.3,0.1,0.4,0.2
19,-16,-0.99,-16,-0.1,-0.2,-0.99,1998522811,-0.6,16,16,0.2,0.3,0.1,0.4,0.4
21,-16,-0.99,-16,-0.1,-0.2,-0.99,1998523095,-0.6,16,16,0.2,0.3,0.1,0.5,0.1
23,-16,-0.99,-16,-0.1,-0.2,-0.99,1998523264,-0.6,16,16,0.2,0.3,0.1,0.5,0.3
25,-16,-0.99,-16,-0.1,-0.2,-0.99,1998523497,-0.6,16,16,0.2,0.3,0.1,0.5,0.5
27,-16,-0.99,-16,-0.1,-0.2,-0.99,1998523597,-0.6,16,16,0.2,0.4,0.1,0.1,0.2
29,-16,-0.99,-16,-0.1,-0.2,-0.99,1998523684,-0.6,16,16,0.2,0.4,0.1,0.1,0.4
31,-16,-0.99,-16,-0.1,-0.2,-0.99,1998524009,-0.6,16,16,0.2,0.4,0.1,0.2,0.1
33,-16,-0.99,-16,-0.1,-0.2,-0.99,1998524103,-0.6,16,16,0.2,0.4,0.1,0.2,0.3
35,-16,-0.99,-16,-0.1,-0.2,-0.99,1998524214,-0.6,16,16,0.2,0.4,0.1,0.2,0.5
37,-16,-0.99,-16,-0.1,-0.2,-0.99,1998524312,-0.6,16,16,0.2,0.4,0.1,0.3,0.2
39,-16,-0.99,-16,-0.1,-0.2,-0.99,1998524458,-0.6,16,16,0.2,0.4,0.1,0.3,0.4
41,-16,-0.99,-16,-0.1,-0.2,-0.99,1998524620,-0.6,16,16,0.2,0.4,0.1,0.4,0.1
43,-16,-0.99,-16,-0.1,-0.2,-0.99,1998524688,-0.6,16,16,0.2,0.4,0.1,0.4,0.3
45,-16,-0.99,-16,-0.1,-0.2,-0.99,1998524786,-0.6,16,16,0.2,0.4,0.1,0.4,0.5
47,-16,-0.99,-16,-0.1,-0.2,-0.99,1998524901,-0.6,16,16,0.2,0.4,0.1,0.5,0.2
49,-16,-0.99,-16,-0.1,-0.2,-0.99,1998525014,-0.6,16,16,0.2,0.4,0.1,0.5,0.4
51,-16,-0.99,-16,-0.1,-0.2,-0.99,1998525070,-0.6,16,16,0.2,0.5,0.1,0.1,0.1
53,-16,-0.99,-16,-0.1,-0.2,-0.99,1998525147,-0.6,16,16,0.2,0.5,0.1,0.1,0.3
55,-16,-0.99,-16,-0.1,-0.2,-0.99,1998525271,-0.6,16,16,0.2,0.5,0.1,0.1,0.5
57,-16,-0.99,-16,-0.1,-0.2,-0.99,1998525352,-0.6,16,16,0.2,0.5,0.1,0.2,0.2
59,-16,-0.99,-16,-0.1,-0.2,-0.99,1998525490,-0.6,16,16,0.2,0.5,0.1,0.2,0.4
61,-16,-0.99,-16,-0.1,-0.2,-0.99,1998525583,-0.6,16,16,0.2,0.5,0.1,0.3,0.1
63,-16,-0.99,-16,-0.1,-0.2,-0.99,1998525693,-0.6,16,16,0.2,0.5,0.1,0.3,0.3
65,-16,-0.99,-16,-0.1,-0.2,-0.99,1998525835,-0.6,16,16,0.2,0.5,0.1,0.3,0.5
67,-16,-0.99,-16,-0.1,-0.2,-0.99,1998525994,-0.6,16,16,0.2,0.5,0.1,0.4,0.2
69,-16,-0.99,-16,-0.1,-0.2,-0.99,1998526083,-0.6,16,16,0.2,0.5,0.1,0.4,0.4
71,-16,-0.99,-16,-0.1,-0.2,-0.99,1998526144,-0.6,16,16,0.2,0.5,0.1,0.5,0.1
73,-16,-0.99,-16,-0.1,-0.2,-0.99,1998526227,-0.6,16,16,0.2,0.5,0.1,0.5,0.3
75,-16,-0.99,-16,-0.1,-0.2,-0.99,1998526278,-0.6,16,16,0.2,0.5,0.1,0.5,0.5
77,-16,-0.99,-16,-0.1,-0.2,-0.99,1998526430,-0.6,16,16,0.2,0.6,0.1,0.1,0.2
79,-16,-0.99,-16,-0.1,-0.2,-0.99,1998526563,-0.6,16,16,0.2,0.6,0.1,0.1,0.4
81,-16,-0.99,-16,-0.1,-0.2,-0.99,1998526692,-0.6,16,16,0.2,0.6,0.1,0.2,0.1
83,-16,-0.99,-16,-0.1,-0.2,-0.99,1998526857,-0.6,16,16,0.2,0.6,0.1,0.2,0.3
85,-16,-0.99,-16,-0.1,-0.2,-0.99,1998526955,-0.6,16,16,0.2,0.6,0.1,0.2,0.5
87,-16,-0.99,-16,-0.1,-0.2,-0.99,1998527011,-0.6,16,16,0.2,0.6,0.1,0.3,0.2
89,-16,-0.99,-16,-0.1,-0.2,-0.99,1998527069,-0.6,16,16,0.2,0.6,0.1,0.3,0.4
91,-16,-0.99,-16,-0.1,-0.2,-0.99,1998527136,-0.6,16,16,0.2,0.6,0.1,0.4,0.1
93,-16,-0.99,-16,-0.1,-0.2,-0.99,1998527294,-0.6,16,16,0.2,0.6,0.1,0.4,0.3
95,-16,-0.99,-16,-0.1,-0.2,-0.99,1998527363,-0.6,16,16,0.2,0.6,0.1,0.4,0.5
97,-16,-0.99,-16,-0.1,-0.2,-0.99,1998527433,-0.6,16,16,0.2,0.6,0.1,0.5,0.2
99,-16,-0.99,-16,-0.1,-0.2,-0.99,1998527527,-0.6,16,16,0.2,0.6,0.1,0.5,0.4
101,-16,-0.99,-16,-0.1,-0.2,-0.99,1998527608,-0.6,16,16,0.2,0.7,0.1,0.1,0.1
103,-16,-0.99,-16,-0.1,-0.2,-0.99,1998527705,-0.6,16,16,0.2,0.7,0.1,0.1,0.3
105,-16,-0.99,-16,-0.1,-0.2,-0.99,1998527796,-0.6,16,16,0.2,0.7,0.1,0.1,0.5
107,-16,-0.99,-16,-0.1,-0.2,-0.99,1998527878,-0.6,16,16,0.2,0.7,0.1,0.2,0.2
109,-16,-0.99,-16,-0.1,-0.2,-0.99,1998527926,-0.6,16,16,0.2,0.7,0.1,0.2,0.4
111,-16,-0.99,-16,-0.1,-0.2,-0.99,1998527996,-0.6,16,16,0.2,0.7,0.1,0.3,0.1
113,-16,-0.99,-16,-0.1,-0.2,-0.99,1998528052,-0.6,16,16,0.2,0.7,0.1,0.3,0.3
115,-16,-0.99,-16,-0.1,-0.2,-0.99,1998528114,-0.6,16,16,0.2,0.7,0.1,0.3,0.5
117,-16,-0.99,-16,-0.1,-0.2,-0.99,1998528191,-0.6,16,16,0.2,0.7,0.1,0.4,0.2
119,-16,-0.99,-16,-0.1,-0.2,-0.99,1998528294,-0.6,16,16,0.2,0.7,0.1,0.4,0.4
121,-16,-0.99,-16,-0.1,-0.2,-0.99,1998528354,-0.6,16,16,0.2,0.7,0.1,0.5,0.1
123,-16,-0.99,-16,-0.1,-0.2,-0.99,1998528420,-0.6,16,16,0.2,0.7,0.1,0.5,0.3
125,-16,-0.99,-16,-0.1,-0.2,-0.99,1998528474,-0.6,16,16,0.2,0.7,0.1,0.5,0.5
127,-16,-0.99,-16,-0.1,-0.2,-0.99,1998528522,-0.6,16,16,0.2,0.3,0.1,0.1,0.2
129,-16,-0.99,-16,-0.1,-0.2,-0.99,1998528579,-0.6,16,16,0.2,0.3,0.1,0.1,0.4
131,-16,-0.99,-16,-0.1,-0.2,-0.99,1998528640,-0.6,16,16,0.2,0.3,0.1,0.2,0.1
133,-16,-0.99,-16,-0.1,-0.2,-0.99,1998528726,-0.6,16,16,0.2,0.3,0.1,0.2,0.3
135,-16,-0.99,-16,-0.1,-0.2,-0.99,1998528810,-0.6,16,16,0.2,0.3,0.1,0.2,0.5
137,-16,-0.99,-16,-0.1,-0.2,-0.99,1998528865,-0.6,16,16,0.2,0.3,0.1,0.3,0.2
139,-16,-0.99,-16,-0.1,-0.2,-0.99,1998528948,-0.6,16,16,0.2,0.3,0.1,0.3,0.4
141,-16,-0.99,-16,-0.1,-0.2,-0.99,1998528995,-0.6,16,16,0.2,0.3,0.1,0.4,0.1
143,-16,-0.99,-16,-0.1,-0.2,-0.99,1998529050,-0.6,16,16,0.2,0.3,0.1,0.4,0.3
145,-16,-0.99,-16,-0.1,-0.2,-0.99,1998529107,-0.6,16,16,0.2,0.3,0.1,0.4,0.5
147,-16,-0.99,-16,-0.1,-0.2,-0.99,1998529226,-0.6,16,16,0.2,0.3,0.1,0.5,0.2
149,-16,-0.99,-16,-0.1,-0.2,-0.99,1998529322,-0.6,16,16,0.2,0.3,0.1,0.5,0.4
151,-16,-0.99,-16,-0.1,-0.2,-0.99,1998529395,-0.6,16,16,0.2,0.4,0.1,0.1,0.1
153,-16,-0.99,-16,-0.1,-0.2,-0.99,1998529477,-0.6,16,16,0.2,0.4,0.1,0.1,0.3
155,-16,-0.99,-16,-0.1,-0.2,-0.99,1998529575,-0.6,16,16,0.2,0.4,0.1,0.1,0.5
157,-16,-0.99,-16,-0.1,-0.2,-0.99,1998529716,-0.6,16,16,0.2,0.4,0.1,0.2,0.2
159,-16,-0.99,-16,-0.1,-0.2,-0.99,1998529772,-0.6,16,16,0.2,0.4,0.1,0.2,0.4
161,-16,-0.99,-16,-0.1,-0.2,-0.99,1998529832,-0.6,16,16,0.2,0.4,0.1,0.3,0.1
163,-16,-0.99,-16,-0.1,-0.2,-0.99,1998529903,-0.6,16,16,0.2,0.4,0.1,0.3,0.3
165,-16,-0.99,-16,-0.1,-0.2,-0.99,1998529993,-0.6,16,16,0.2,0.4,0.1,0.3,0.5
167,-16,-0.99,-16,-0.1,-0.2,-0.99,1998530060,-0.6,16,16,0.2,0.4,0.1,0.4,0.2
169,-16,-0.99,-16,-0.1,-0.2,-0.99,1998530100,-0.6,16,16,0.2,0.4,0.1,0.4,0.4
171,-16,-0.99,-16,-0.1,-0.2,-0.99,1998530167,-0.6,16,16,0.2,0.4,0.1,0.5,0.1
173,-16,-0.99,-16,-0.1,-0.2,-0.99,1998530232,-0.6,16,16,0.2,0.4,0.1,0.5,0.3
175,-16,-0.99,-16,-0.1,-0.2,-0.99,1998530297,-0.6,16,16,0.2,0.4,0.1,0.5,0.5
177,-16,-0.99,-16,-0.1,-0.2,-0.99,1998530344,-0.6,16,16,0.2,0.5,0.1,0.1,0.2
179,-16,-0.99,-16,-0.1,-0.2,-0.99,1998530397,-0.6,16,16,0.2,0.5,0.1,0.1,0.4
181,-16,-0.99,-16,-0.1,-0.2,-0.99,1998530453,-0.6,16,16,0.2,0.5,0.1,0.2,0.1
183,-16,-0.99,-16,-0.1,-0.2,-0.99,1998530667,-0.6,16,16,0.2,0.5,0.1,0.2,0.3
185,-16,-0.99,-16,-0.1,-0.2,-0.99,1998530714,-0.6,16,16,0.2,0.5,0.1,0.2,0.5
187,-16,-0.99,-16,-0.1,-0.2,-0.99,1998530758,-0.6,16,16,0.2,0.5,0.1,0.3,0.2
189,-16,-0.99,-16,-0.1,-0.2,-0.99,1998530849,-0.6,16,16,0.2,0.5,0.1,0.3,0.4
191,-16,-0.99,-16,-0.1,-0.2,-0.99,1998530920,-0.6,16,16,0.2,0.5,0.1,0.4,0.1
193,-16,-0.99,-16,-0.1,-0.2,-0.99,1998531046,-0.6,16,16,0.2,0.5,0.1,0.4,0.3
195,-16,-0.99,-16,-0.1,-0.2,-0.99,1998531145,-0.6,16,16,0.2,0.5,0.1,0.4,0.5
197,-16,-0.99,-16,-0.1,-0.2,-0.99,1998531221,-0.6,16,16,0.2,0.5,0.1,0.5,0.2
199,-16,-0.99,-16,-0.1,-0.2,-0.99,1998531274,-0.6,16,16,0.2,0.5,0.1,0.5,0.4
201,-16,-0.99,-16,-0.1,-0.2,-0.99,1998531336,-0.6,16,16,0.2,0.6,0.1,0.1,0.1
203,-16,-0.99,-16,-0.1,-0.2,-0.99,1998531448,-0.6,16,16,0.2,0.6,0.1,0.1,0.3
205,-16,-0.99,-16,-0.1,-0.2,-0.99,1998531532,-0.6,16,16,0.2,0.6,0.1,0.1,0.5
207,-16,-0.99,-16,-0.1,-0.2,-0.99,1998531571,-0.6,16,16,0.2,0.6,0.1,0.2,0.2
209,-16,-0.99,-16,-0.1,-0.2,-0.99,1998531637,-0.6,16,16,0.2,0.6,0.1,0.2,0.4
211,-16,-0.99,-16,-0.1,-0.2,-0.99,1998531721,-0.6,16,16,0.2,0.6,0.1,0.3,0.1
213,-16,-0.99,-16,-0.1,-0.2,-0.99,1998531782,-0.6,16,16,0.2,0.6,0.1,0.3,0.3
215,-16,-0.99,-16,-0.1,-0.2,-0.99,1998531858,-0.6,16,16,0.2,0.6,0.1,0.3,0.5
217,-16,-0.99,-16,-0.1,-0.2,-0.99,1998531924,-0.6,16,16,0.2,0.6,0.1,0.4,0.2
219,-16,-0.99,-16,-0.1,-0.2,-0.99,1998532021,-0.6,16,16,0.2,0.6,0.1,0.4,0.4
221,-16,-0.99,-16,-0.1,-0.2,-0.99,1998532091,-0.6,16,16,0.2,0.6,0.1,0.5,0.1
223,-16,-0.99,-16,-0.1,-0.2,-0.99,1998532334,-0.6,16,16,0.2,0.6,0.1,0.5,0.3
225,-16,-0.99,-16,-0.1,-0.2,-0.99,1998532472,-0.6,16,16,0.2,0.6,0.1,0.5,0.5
227,-16,-0.99,-16,-0.1,-0.2,-0.99,1998532548,-0.6,16,16,0.2,0.7,0.1,0.1,0.2
229,-16,-0.99,-16,-0.1,-0.2,-0.99,1998532622,-0.6,16,16,0.2,0.7,0.1,0.1,0.4
231,-16,-0.99,-16,-0.1,-0.2,-0.99,1998532681,-0.6,16,16,0.2,0.7,0.1,0.2,0.1
233,-16,-0.99,-16,-0.1,-0.2,-0.99,1998532799,-0.6,16,16,0.2,0.7,0.1,0.2,0.3
235,-16,-0.99,-16,-0.1,-0.2,-0.99,1998532875,-0.6,16,16,0.2,0.7,0.1,0.2,0.5
237,-16,-0.99,-16,-0.1,-0.2,-0.99,1998532923,-0.6,16,16,0.2,0.7,0.1,0.3,0.2
239,-16,-0.99,-16,-0.1,-0.2,-0.99,1998533094,-0.6,16,16,0.2,0.7,0.1,0.3,0.4
241,-16,-0.99,-16,-0.1,-0.2,-0.99,1998533154,-0.6,16,16,0.2,0.7,0.1,0.4,0.1
243,-16,-0.99,-16,-0.1,-0.2,-0.99,1998533215,-0.6,16,16,0.2,0.7,0.1,0.4,0.3
245,-16,-0.99,-16,-0.1,-0.2,-0.99,1998533322,-0.6,16,16,0.2,0.7,0.1,0.4,0.5
247,-16,-0.99,-16,-0.1,-0.2,-0.99,1998533401,-0.6,16,16,0.2,0.7,0.1,0.5,0.2
249,-16,-0.99,-16,-0.1,-0.2,-0.99,1998533460,-0.6,16,16,0.2,0.7,0.1,0.5,0.4
251,-16,-0.99,-16,-0.1,-0.2,-0.99,1998533571,-0.6,16,16,0.2,0.3,0.1,0.1,0.1
253,-16,-0.99,-16,-0.1,-0.2,-0.99,1998533656,-0.6,16,16,0.2,0.3,0.1,0.1,0.3
255,-16,-0.99,-16,-0.1,-0.2,-0.99,1998533734,-0.6,16,16,0.2,0.3,0.1,0.1,0.5
257,-16,-0.99,-16,-0.1,-0.2,-0.99,1998533824,-0.6,16,16,0.2,0.3,0.1,0.2,0.2
259,-16,-0.99,-16,-0.1,-0.2,-0.99,1998533901,-0.6,16,16,0.2,0.3,0.1,0.2,0.4
261,-16,-0.99,-16,-0.1,-0.2,-0.99,1998533981,-0.6,16,16,0.2,0.3,0.1,0.3,0.1
263,-16,-0.99,-16,-0.1,-0.2,-0.99,1998534040,-0.6,16,16,0.2,0.3,0.1,0.3,0.3
265,-16,-0.99,-16,-0.1,-0.2,-0.99,1998534101,-0.6,16,16,0.2,0.3,0.1,0.3,0.5
267,-16,-0.99,-16,-0.1,-0.2,-0.99,1998534140,-0.6,16,16,0.2,0.3,0.1,0.4,0.2
269,-16,-0.99,-16,-0.1,-0.2,-0.99,1998534208,-0.6,16,16,0.2,0.3,0.1,0.4,0.4
271,-16,-0.99,-16,-0.1,-0.2,-0.99,1998534258,-0.6,16,16,0.2,0.3,0.1,0.5,0.1
273,-16,-0.99,-16,-0.1,-0.2,-0.99,1998534312,-0.6,16,16,0.2,0.3,0.1,0.5,0.3
275,-16,-0.99,-16,-0.1,-0.2,-0.99,1998534363,-0.6,16,16,0.2,0.3,0.1,0.5,0.5
277,-16,-0.99,-16,-0.1,-0.2,-0.99,1998534414,-0.6,16,16,0.2,0.4,0.1,0.1,0.2
279,-16,-0.99,-16,-0.1,-0.2,-0.99,1998534473,-0.6,16,16,0.2,0.4,0.1,0.1,0.4
281,-16,-0.99,-16,-0.1,-0.2,-0.99,1998534942,-0.6,16,16,0.2,0.4,0.1,0.2,0.1
283,-16,-0.99,-16,-0.1,-0.2,-0.99,1998535032,-0.6,16,16,0.2,0.4,0.1,0.2,0.3
285,-16,-0.99,-16,-0.1,-0.2,-0.99,1998535081,-0.6,16,16,0.2,0.4,0.1,0.2,0.5
287,-16,-0.99,-16,-0.1,-0.2,-0.99,1998535116,-0.6,16,16,0.2,0.4,0.1,0.3,0.2
289,-16,-0.99,-16,-0.1,-0.2,-0.99,1998535160,-0.6,16,16,0.2,0.4,0.1,0.3,0.4
291,-16,-0.99,-16,-0.1,-0.2,-0.99,1998535218,-0.6,16,16,0.2,0.4,0.1,0.4,0.1
293,-16,-0.99,-16,-0.1,-0.2,-0.99,1998535270,-0.6,16,16,0.2,0.4,0.1,0.4,0.3
295,-16,-0.99,-16,-0.1,-0.2,-0.99,1998535320,-0.6,16,16,0.2,0.4,0.1,0.4,0.5
297,-16,-0.99,-16,-0.1,-0.2,-0.99,1998535371,-0.6,16,16,0.2,0.4,0.1,0.5,0.2
299,-16,-0.99,-16,-0.1,-0.2,-0.99,1998535417,-0.6,16,16,0.2,0.4,0.1,0.5,0.4
301,-16,-0.99,-16,-0.1,-0.2,-0.99,1998535483,-0.6,16,16,0.2,0.5,0.1,0.1,0.1
303,-16,-0.99,-16,-0.1,-0.2,-0.99,1998535525,-0.6,16,16,0.2,0.5,0.1,0.1,0.3
305,-16,-0.99,-16,-0.1,-0.2,-0.99,1998535564,-0.6,16,16,0.2,0.5,0.1,0.1,0.5
307,-16,-0.99,-16,-0.1,-0.2,-0.99,1998535604,-0.6,16,16,0.2,0.5,0.1,0.2,0.2
309,-16,-0.99,-16,-0.1,-0.2,-0.99,1998535656,-0.6,16,16,0.2,0.5,0.1,0.2,0.4
311,-16,-0.99,-16,-0.1,-0.2,-0.99,1998535709,-0.6,16,16,0.2,0.5,0.1,0.3,0.1
313,-16,-0.99,-16,-0.1,-0.2,-0.99,1998535752,-0.6,16,16,0.2,0.5,0.1,0.3,0.3
315,-16,-0.99,-16,-0.1,-0.2,-0.99,1998535842,-0.6,16,16,0.2,0.5,0.1,0.3,0.5
317,-16,-0.99,-16,-0.1,-0.2,-0.99,1998535923,-0.6,16,16,0.2,0.5,0.1,0.4,0.2
319,-16,-0.99,-16,-0.1,-0.2,-0.99,1998536000,-0.6,16,16,0.2,0.5,0.1,0.4,0.4
321,-16,-0.99,-16,-0.1,-0.2,-0.99,1998536098,-0.6,16,16,0.2,0.5,0.1,0.5,0.1
323,-16,-0.99,-16,-0.1,-0.2,-0.99,1998536199,-0.6,16,16,0.2,0.5,0.1,0.5,0.3
325,-16,-0.99,-16,-0.1,-0.2,-0.99,1998536282,-0.6,16,16,0.2,0.5,0.1,0.5,0.5
327,-16,-0.99,-16,-0.1,-0.2,-0.99,1998536366,-0.6,16,16,0.2,0.6,0.1,0.1,0.2
329,-16,-0.99,-16,-0.1,-0.2,-0.99,1998536465,-0.6,16,16,0.2,0.6,0.1,0.1,0.4
331,-16,-0.99,-16,-0.1,-0.2,-0.99,1998536533,-0.6,16,16,0.2,0.6,0.1,0.2,0.1
333,-16,-0.99,-16,-0.1,-0.2,-0.99,1998536681,-0.6,16,16,0.2,0.6,0.1,0.2,0.3
335,-16,-0.99,-16,-0.1,-0.2,-0.99,1998536771,-0.6,16,16,0.2,0.6,0.1,0.2,0.5
337,-16,-0.99,-16,-0.1,-0.2,-0.99,1998536839,-0.6,16,16,0.2,0.6,0.1,0.3,0.2
339,-16,-0.99,-16,-0.1,-0.2,-0.99,1998536895,-0.6,16,16,0.2,0.6,0.1,0.3,0.4
341,-16,-0.99,-16,-0.1,-0.2,-0.99,1998536951,-0.6,16,16,0.2,0.6,0.1,0.4,0.1
343,-16,-0.99,-16,-0.1,-0.2,-0.99,1998536998,-0.6,16,16,0.2,0.6,0.1,0.4,0.3
345,-16,-0.99,-16,-0.1,-0.2,-0.99,1998537103,-0.6,16,16,0.2,0.6,0.1,0.4,0.5
347,-16,-0.99,-16,-0.1,-0.2,-0.99,1998537160,-0.6,16,16,0.2,0.6,0.1,0.5,0.2
349,-16,-0.99,-16,-0.1,-0.2,-0.99,1998537239,-0.6,16,16,0.2,0.6,0.1,0.5,0.4
351,-16,-0.99,-16,-0.1,-0.2,-0.99,1998537285,-0.6,16,16,0.2,0.7,0.1,0.1,0.1
353,-16,-0.99,-16,-0.1,-0.2,-0.99,1998537396,-0.6,16,16,0.2,0.7,0.1,0.1,0.3
355,-16,-0.99,-16,-0.1,-0.2,-0.99,1998537447,-0.6,16,16,0.2,0.7,0.1,0.1,0.5
357,-16,-0.99,-16,-0.1,-0.2,-0.99,1998537498,-0.6,16,16,0.2,0.7,0.1,0.2,0.2
359,-16,-0.99,-16,-0.1,-0.2,-0.99,1998537544,-0.6,16,16,0.2,0.7,0.1,0.2,0.4
361,-16,-0.99,-16,-0.1,-0.2,-0.99,1998537621,-0.6,16,16,0.2,0.7,0.1,0.3,0.1
363,-16,-0.99,-16,-0.1,-0.2,-0.99,1998537706,-0.6,16,16,0.2,0.7,0.1,0.3,0.3
365,-16,-0.99,-16,-0.1,-0.2,-0.99,1998537770,-0.6,16,16,0.2,0.7,0.1,0.3,0.5
367,-16,-0.99,-16,-0.1,-0.2,-0.99,1998537815,-0.6,16,16,0.2,0.7,0.1,0.4,0.2
369,-16,-0.99,-16,-0.1,-0.2,-0.99,1998537871,-0.6,16,16,0.2,0.7,0.1,0.4,0.4
371,-16,-0.99,-16,-0.1,-0.2,-0.99,1998537921,-0.6,16,16,0.2,0.7,0.1,0.5,0.1
373,-16,-0.99,-16,-0.1,-0.2,-0.99,1998537969,-0.6,16,16,0.2,0.7,0.1,0.5,0.3
375,-16,-0.99,-16,-0.1,-0.2,-0.99,1998538009,-0.6,16,16,0.2,0.7,0.1,0.5,0.5
377,-16,-0.99,-16,-0.1,-0.2,-0.99,1998538052,-0.6,16,16,0.2,0.3,0.1,0.1,0.2
379,-16,-0.99,-16,-0.1,-0.2,-0.99,1998538123,-0.6,16,16,0.2,0.3,0.1,0.1,0.4
381,-16,-0.99,-16,-0.1,-0.2,-0.99,1998538175,-0.6,16,16,0.2,0.3,0.1,0.2,0.1
383,-16,-0.99,-16,-0.1,-0.2,-0.99,1998538219,-0.6,16,16,0.2,0.3,0.1,0.2,0.3
385,-16,-0.99,-16,-0.1,-0.2,-0.99,1998538315,-0.6,16,16,0.2,0.3,0.1,0.2,0.5
387,-16,-0.99,-16,-0.1,-0.2,-0.99,1998538376,-0.6,16,16,0.2,0.3,0.1,0.3,0.2
389,-16,-0.99,-16,-0.1,-0.2,-0.99,1998538416,-0.6,16,16,0.2,0.3,0.1,0.3,0.4
391,-16,-0.99,-16,-0.1,-0.2,-0.99,1998538456,-0.6,16,16,0.2,0.3,0.1,0.4,0.1
393,-16,-0.99,-16,-0.1,-0.2,-0.99,1998538492,-0.6,16,16,0.2,0.3,0.1,0.4,0.3
395,-16,-0.99,-16,-0.1,-0.2,-0.99,1998538576,-0.6,16,16,0.2,0.3,0.1,0.4,0.5
397,-16,-0.99,-16,-0.1,-0.2,-0.99,1998538616,-0.6,16,16,0.2,0.3,0.1,0.5,0.2
399,-16,-0.99,-16,-0.1,-0.2,-0.99,1998538657,-0.6,16,16,0.2,0.3,0.1,0.5,0.4
401,-16,-0.99,-16,-0.1,-0.2,-0.99,1998538705,-0.6,16,16,0.2,0.4,0.1,0.1,0.1
403,-16,-0.99,-16,-0.1,-0.2,-0.99,1998538759,-0.6,16,16,0.2,0.4,0.1,0.1,0.3
405,-16,-0.99,-16,-0.1,-0.2,-0.99,1998538802,-0.6,16,16,0.2,0.4,0.1,0.1,0.5
407,-16,-0.99,-16,-0.1,-0.2,-0.99,1998538839,-0.6,16,16,0.2,0.4,0.1,0.2,0.2
409,-16,-0.99,-16,-0.1,-0.2,-0.99,1998538888,-0.6,16,16,0.2,0.4,0.1,0.2,0.4
411,-16,-0.99,-16,-0.1,-0.2,-0.99,1998538949,-0.6,16,16,0.2,0.4,0.1,0.3,0.1
413,-16,-0.99,-16,-0.1,-0.2,-0.99,1998539008,-0.6,16,16,0.2,0.4,0.1,0.3,0.3
415,-16,-0.99,-16,-0.1,-0.2,-0.99,1998539070,-0.6,16,16,0.2,0.4,0.1,0.3,0.5
417,-16,-0.99,-16,-0.1,-0.2,-0.99,1998539120,-0.6,16,16,0.2,0.4,0.1,0.4,0.2
419,-16,-0.99,-16,-0.1,-0.2,-0.99,1998539159,-0.6,16,16,0.2,0.4,0.1,0.4,0.4
421,-16,-0.99,-16,-0.1,-0.2,-0.99,1998539213,-0.6,16,16,0.2,0.4,0.1,0.5,0.1
423,-16,-0.99,-16,-0.1,-0.2,-0.99,1998539281,-0.6,16,16,0.2,0.4,0.1,0.5,0.3
425,-16,-0.99,-16,-0.1,-0.2,-0.99,1998539366,-0.6,16,16,0.2,0.4,0.1,0.5,0.5
427,-16,-0.99,-16,-0.1,-0.2,-0.99,1998539405,-0.6,16,16,0.2,0.5,0.1,0.1,0.2
429,-16,-0.99,-16,-0.1,-0.2,-0.99,1998539468,-0.6,16,16,0.2,0.5,0.1,0.1,0.4
431,-16,-0.99,-16,-0.1,-0.2,-0.99,1998539519,-0.6,16,16,0.2,0.5,0.1,0.2,0.1
433,-16,-0.99,-16,-0.1,-0.2,-0.99,1998539579,-0.6,16,16,0.2,0.5,0.1,0.2,0.3
435,-16,-0.99,-16,-0.1,-0.2,-0.99,1998539626,-0.6,16,16,0.2,0.5,0.1,0.2,0.5
437,-16,-0.99,-16,-0.1,-0.2,-0.99,1998539679,-0.6,16,16,0.2,0.5,0.1,0.3,0.2
439,-16,-0.99,-16,-0.1,-0.2,-0.99,1998539720,-0.6,16,16,0.2,0.5,0.1,0.3,0.4
441,-16,-0.99,-16,-0.1,-0.2,-0.99,1998539789,-0.6,16,16,0.2,0.5,0.1,0.4,0.1
443,-16,-0.99,-16,-0.1,-0.2,-0.99,1998539845,-0.6,16,16,0.2,0.5,0.1,0.4,0.3
445,-16,-0.99,-16,-0.1,-0.2,-0.99,1998539885,-0.6,16,16,0.2,0.5,0.1,0.4,0.5
447,-16,-0.99,-16,-0.1,-0.2,-0.99,1998539968,-0.6,16,16,0.2,0.5,0.1,0.5,0.2
449,-16,-0.99,-16,-0.1,-0.2,-0.99,1998540009,-0.6,16,16,0.2,0.5,0.1,0.5,0.4
451,-16,-0.99,-16,-0.1,-0.2,-0.99,1998540080,-0.6,16,16,0.2,0.6,0.1,0.1,0.1
453,-16,-0.99,-16,-0.1,-0.2,-0.99,1998540148,-0.6,16,16,0.2,0.6,0.1,0.1,0.3
455,-16,-0.99,-16,-0.1,-0.2,-0.99,1998540207,-0.6,16,16,0.2,0.6,0.1,0.1,0.5
457,-16,-0.99,-16,-0.1,-0.2,-0.99,1998540262,-0.6,16,16,0.2,0.6,0.1,0.2,0.2
459,-16,-0.99,-16,-0.1,-0.2,-0.99,1998540327,-0.6,16,16,0.2,0.6,0.1,0.2,0.4
461,-16,-0.99,-16,-0.1,-0.2,-0.99,1998540402,-0.6,16,16,0.2,0.6,0.1,0.3,0.1
463,-16,-0.99,-16,-0.1,-0.2,-0.99,1998540476,-0.6,16,16,0.2,0.6,0.1,0.3,0.3
465,-16,-0.99,-16,-0.1,-0.2,-0.99,1998540534,-0.6,16,16,0.2,0.6,0.1,0.3,0.5
467,-16,-0.99,-16,-0.1,-0.2,-0.99,1998540595,-0.6,16,16,0.2,0.6,0.1,0.4,0.2
469,-16,-0.99,-16,-0.1,-0.2,-0.99,1998540681,-0.6,16,16,0.2,0.6,0.1,0.4,0.4
471,-16,-0.99,-16,-0.1,-0.2,-0.99,1998540768,-0.6,16,16,0.2,0.6,0.1,0.5,0.1
473,-16,-0.99,-16,-0.1,-0.2,-0.99,1998540899,-0.6,16,16,0.2,0.6,0.1,0.5,0.3
475,-16,-0.99,-16,-0.1,-0.2,-0.99,1998541034,-0.6,16,16,0.2,0.6,0.1,0.5,0.5
477,-16,-0.99,-16,-0.1,-0.2,-0.99,1998541172,-0.6,16,16,0.2,0.7,0.1,0.1,0.2
479,-16,-0.99,-16,-0.1,-0.2,-0.99,1998541293,-0.6,16,16,0.2,0.7,0.1,0.1,0.4
481,-16,-0.99,-16,-0.1,-0.2,-0.99,1998541375,-0.6,16,16,0.2,0.7,0.1,0.2,0.1
483,-16,-0.99,-16,-0.1,-0.2,-0.99,1998541493,-0.6,16,16,0.2,0.7,0.1,0.2,0.3
485,-16,-0.99,-16,-0.1,-0.2,-0.99,1998541580,-0.6,16,16,0.2,0.7,0.1,0.2,0.5
487,-16,-0.99,-16,-0.1,-0.2,-0.99,1998541621,-0.6,16,16,0.2,0.7,0.1,0.3,0.2
489,-16,-0.99,-16,-0.1,-0.2,-0.99,1998541665,-0.6,16,16,0.2,0.7,0.1,0.3,0.4
491,-16,-0.99,-16,-0.1,-0.2,-0.99,1998541755,-0.6,16,16,0.2,0.7,0.1,0.4,0.1
493,-16,-0.99,-16,-0.1,-0.2,-0.99,1998541797,-0.6,16,16,0.2,0.7,0.1,0.4,0.3
495,-16,-0.99,-16,-0.1,-0.2,-0.99,1998541841,-0.6,16,16,0.2,0.7,0.1,0.4,0.5
497,-16,-0.99,-16,-0.1,-0.2,-0.99,1998541901,-0.6,16,16,0.2,0.7,0.1,0.5,0.2
499,-16,-0.99,-16,-0.1,-0.2,-0.99,1998541934,-0.6,16,16,0.2,0.7,0.1,0.5,0.4
501,-16,-0.99,-16,-0.1,-0.2,-0.99,1998542033,-0.6,16,16,0.2,0.3,0.1,0.1,0.1
503,-16,-0.99,-16,-0.1,-0.2,-0.99,1998542074,-0.6,16,16,0.2,0.3,0.1,0.1,0.3
505,-16,-0.99,-16,-0.1,-0.2,-0.99,1998542124,-0.6,16,16,0.2,0.3,0.1,0.1,0.5
507,-16,-0.99,-16,-0.1,-0.2,-0.99,1998542163,-0.6,16,16,0.2,0.3,0.1,0.2,0.2
509,-16,-0.99,-16,-0.1,-0.2,-0.99,1998542210,-0.6,16,16,0.2,0.3,0.1,0.2,0.4
511,-16,-0.99,-16,-0.1,-0.2,-0.99,1998542267,-0.6,16,16,0.2,0.3,0.1,0.3,0.1
513,-16,-0.99,-16,-0.1,-0.2,-0.99,1998542324,-0.6,16,16,0.2,0.3,0.1,0.3,0.3
515,-16,-0.99,-16,-0.1,-0.2,-0.99,1998542408,-0.6,16,16,0.2,0.3,0.1,0.3,0.5
517,-16,-0.99,-16,-0.1,-0.2,-0.99,1998542457,-0.6,16,16,0.2,0.3,0.1,0.4,0.2
519,-16,-0.99,-16,-0.1,-0.2,-0.99,1998542500,-0.6,16,16,0.2,0.3,0.1,0.4,0.4
521,-16,-0.99,-16,-0.1,-0.2,-0.99,1998542559,-0.6,16,16,0.2,0.3,0.1,0.5,0.1
523,-16,-0.99,-16,-0.1,-0.2,-0.99,1998542612,-0.6,16,16,0.2,0.3,0.1,0.5,0.3
525,-16,-0.99,-16,-0.1,-0.2,-0.99,1998542666,-0.6,16,16,0.2,0.3,0.1,0.5,0.5
527,-16,-0.99,-16,-0.1,-0.2,-0.99,1998542713,-0.6,16,16,0.2,0.4,0.1,0.1,0.2
529,-16,-0.99,-16,-0.1,-0.2,-0.99,1998542762,-0.6,16,16,0.2,0.4,0.1,0.1,0.4
531,-16,-0.99,-16,-0.1,-0.2,-0.99,1998542849,-0.6,16,16,0.2,0.4,0.1,0.2,0.1
533,-16,-0.99,-16,-0.1,-0.2,-0.99,1998542971,-0.6,16,16,0.2,0.4,0.1,0.2,0.3
535,-16,-0.99,-16,-0.1,-0.2,-0.99,1998543041,-0.6,16,16,0.2,0.4,0.1,0.2,0.5
537,-16,-0.99,-16,-0.1,-0.2,-0.99,1998543102,-0.6,16,16,0.2,0.4,0.1,0.3,0.2
539,-16,-0.99,-16,-0.1,-0.2,-0.99,1998543157,-0.6,16,16,0.2,0.4,0.1,0.3,0.4
541,-16,-0.99,-16,-0.1,-0.2,-0.99,1998543236,-0.6,16,16,0.2,0.4,0.1,0.4,0.1
543,-16,-0.99,-16,-0.1,-0.2,-0.99,1998543297,-0.6,16,16,0.2,0.4,0.1,0.4,0.3
545,-16,-0.99,-16,-0.1,-0.2,-0.99,1998543355,-0.6,16,16,0.2,0.4,0.1,0.4,0.5
547,-16,-0.99,-16,-0.1,-0.2,-0.99,1998543402,-0.6,16,16,0.2,0.4,0.1,0.5,0.2
549,-16,-0.99,-16,-0.1,-0.2,-0.99,1998543455,-0.6,16,16,0.2,0.4,0.1,0.5,0.4
551,-16,-0.99,-16,-0.1,-0.2,-0.99,1998543503,-0.6,16,16,0.2,0.5,0.1,0.1,0.1
553,-16,-0.99,-16,-0.1,-0.2,-0.99,1998543548,-0.6,16,16,0.2,0.5,0.1,0.1,0.3
555,-16,-0.99,-16,-0.1,-0.2,-0.99,1998543596,-0.6,16,16,0.2,0.5,0.1,0.1,0.5
557,-16,-0.99,-16,-0.1,-0.2,-0.99,1998543633,-0.6,16,16,0.2,0.5,0.1,0.2,0.2
559,-16,-0.99,-16,-0.1,-0.2,-0.99,1998543681,-0.6,16,16,0.2,0.5,0.1,0.2,0.4
561,-16,-0.99,-16,-0.1,-0.2,-0.99,1998543720,-0.6,16,16,0.2,0.5,0.1,0.3,0.1
563,-16,-0.99,-16,-0.1,-0.2,-0.99,1998543793,-0.6,16,16,0.2,0.5,0.1,0.3,0.3
565,-16,-0.99,-16,-0.1,-0.2,-0.99,1998543922,-0.6,16,16,0.2,0.5,0.1,0.3,0.5
567,-16,-0.99,-16,-0.1,-0.2,-0.99,1998544034,-0.6,16,16,0.2,0.5,0.1,0.4,0.2
569,-16,-0.99,-16,-0.1,-0.2,-0.99,1998544212,-0.6,16,16,0.2,0.5,0.1,0.4,0.4
571,-16,-0.99,-16,-0.1,-0.2,-0.99,1998544263,-0.6,16,16,0.2,0.5,0.1,0.5,0.1
573,-16,-0.99,-16,-0.1,-0.2,-0.99,1998544382,-0.6,16,16,0.2,0.5,0.1,0.5,0.3
575,-16,-0.99,-16,-0.1,-0.2,-0.99,1998544430,-0.6,16,16,0.2,0.5,0.1,0.5,0.5
577,-16,-0.99,-16,-0.1,-0.2,-0.99,1998544501,-0.6,16,16,0.2,0.6,0.1,0.1,0.2
579,-16,-0.99,-16,-0.1,-0.2,-0.99,1998544550,-0.6,16,16,0.2,0.6,0.1,0.1,0.4
581,-16,-0.99,-16,-0.1,-0.2,-0.99,1998544660,-0.6,16,16,0.2,0.6,0.1,0.2,0.1
583,-16,-0.99,-16,-0.1,-0.2,-0.99,1998544721,-0.6,16,16,0.2,0.6,0.1,0.2,0.3
585,-16,-0.99,-16,-0.1,-0.2,-0.99,1998544768,-0.6,16,16,0.2,0.6,0.1,0.2,0.5
587,-16,-0.99,-16,-0.1,-0.2,-0.99,1998544800,-0.6,16,16,0.2,0.6,0.1,0.3,0.2
589,-16,-0.99,-16,-0.1,-0.2,-0.99,1998544884,-0.6,16,16,0.2,0.6,0.1,0.3,0.4
591,-16,-0.99,-16,-0.1,-0.2,-0.99,1998544941,-0.6,16,16,0.2,0.6,0.1,0.4,0.1
593,-16,-0.99,-16,-0.1,-0.2,-0.99,1998544981,-0.6,16,16,0.2,0.6,0.1,0.4,0.3
595,-16,-0.99,-16,-0.1,-0.2,-0.99,1998545080,-0.6,16,16,0.2,0.6,0.1,0.4,0.5
597,-16,-0.99,-16,-0.1,-0.2,-0.99,1998545181,-0.6,16,16,0.2,0.6,0.1,0.5,0.2
599,-16,-0.99,-16,-0.1,-0.2,-0.99,1998545266,-0.6,16,16,0.2,0.6,0.1,0.5,0.4
601,-16,-0.99,-16,-0.1,-0.2,-0.99,1998545334,-0.6,16,16,0.2,0.7,0.1,0.1,0.1
603,-16,-0.99,-16,-0.1,-0.2,-0.99,1998545395,-0.6,16,16,0.2,0.7,0.1,0.1,0.3
605,-16,-0.99,-16,-0.1,-0.2,-0.99,1998545434,-0.6,16,16,0.2,0.7,0.1,0.1,0.5
607,-16,-0.99,-16,-0.1,-0.2,-0.99,1998545482,-0.6,16,16,0.2,0.7,0.1,0.2,0.2
609,-16,-0.99,-16,-0.1,-0.2,-0.99,1998545524,-0.6,16,16,0.2,0.7,0.1,0.2,0.4
611,-16,-0.99,-16,-0.1,-0.2,-0.99,1998545605,-0.6,16,16,0.2,0.7,0.1,0.3,0.1
613,-16,-0.99,-16,-0.1,-0.2,-0.99,1998545685,-0.6,16,16,0.2,0.7,0.1,0.3,0.3
615,-16,-0.99,-16,-0.1,-0.2,-0.99,1998545736,-0.6,16,16,0.2,0.7,0.1,0.3,0.5
617,-16,-0.99,-16,-0.1,-0.2,-0.99,1998545792,-0.6,16,16,0.2,0.7,0.1,0.4,0.2
619,-16,-0.99,-16,-0.1,-0.2,-0.99,1998545857,-0.6,16,16,0.2,0.7,0.1,0.4,0.4
621,-16,-0.99,-16,-0.1,-0.2,-0.99,1998545903,-0.6,16,16,0.2,0.7,0.1,0.5,0.1
623,-16,-0.99,-16,-0.1,-0.2,-0.99,1998545951,-0.6,16,16,0.2,0.7,0.1,0.5,0.3
625,-16,-0.99,-16,-0.1,-0.2,-0.99,1998546022,-0.6,16,16,0.2,0.7,0.1,0.5,0.5
627,-16,-0.99,-16,-0.1,-0.2,-0.99,1998546063,-0.6,16,16,0.2,0.3,0.1,0.1,0.2
629,-16,-0.99,-16,-0.1,-0.2,-0.99,1998546137,-0.6,16,16,0.2,0.3,0.1,0.1,0.4
631,-16,-0.99,-16,-0.1,-0.2,-0.99,1998546226,-0.6,16,16,0.2,0.3,0.1,0.2,0.1
633,-16,-0.99,-16,-0.1,-0.2,-0.99,1998546284,-0.6,16,16,0.2,0.3,0.1,0.2,0.3
635,-16,-0.99,-16,-0.1,-0.2,-0.99,1998546333,-0.6,16,16,0.2,0.3,0.1,0.2,0.5
637,-16,-0.99,-16,-0.1,-0.2,-0.99,1998546389,-0.6,16,16,0.2,0.3,0.1,0.3,0.2
639,-16,-0.99,-16,-0.1,-0.2,-0.99,1998546424,-0.6,16,16,0.2,0.3,0.1,0.3,0.4
641,-16,-0.99,-16,-0.1,-0.2,-0.99,1998546498,-0.6,16,16,0.2,0.3,0.1,0.4,0.1
643,-16,-0.99,-16,-0.1,-0.2,-0.99,1998546558,-0.6,16,16,0.2,0.3,0.1,0.4,0.3
645,-16,-0.99,-16,-0.1,-0.2,-0.99,1998546595,-0.6,16,16,0.2,0.3,0.1,0.4,0.5
647,-16,-0.99,-16,-0.1,-0.2,-0.99,1998546682,-0.6,16,16,0.2,0.3,0.1,0.5,0.2
649,-16,-0.99,-16,-0.1,-0.2,-0.99,1998546742,-0.6,16,16,0.2,0.3,0.1,0.5,0.4
651,-16,-0.99,-16,-0.1,-0.2,-0.99,1998546778,-0.6,16,16,0.2,0.4,0.1,0.1,0.1
653,-16,-0.99,-16,-0.1,-0.2,-0.99,1998546819,-0.6,16,16,0.2,0.4,0.1,0.1,0.3
655,-16,-0.99,-16,-0.1,-0.2,-0.99,1998546870,-0.6,16,16,0.2,0.4,0.1,0.1,0.5
657,-16,-0.99,-16,-0.1,-0.2,-0.99,1998546911,-0.6,16,16,0.2,0.4,0.1,0.2,0.2
659,-16,-0.99,-16,-0.1,-0.2,-0.99,1998546950,-0.6,16,16,0.2,0.4,0.1,0.2,0.4
661,-16,-0.99,-16,-0.1,-0.2,-0.99,1998547026,-0.6,16,16,0.2,0.4,0.1,0.3,0.1
663,-16,-0.99,-16,-0.1,-0.2,-0.99,1998547064,-0.6,16,16,0.2,0.4,0.1,0.3,0.3
665,-16,-0.99,-16,-0.1,-0.2,-0.99,1998547104,-0.6,16,16,0.2,0.4,0.1,0.3,0.5
667,-16,-0.99,-16,-0.1,-0.2,-0.99,1998547188,-0.6,16,16,0.2,0.4,0.1,0.4,0.2
669,-16,-0.99,-16,-0.1,-0.2,-0.99,1998547235,-0.6,16,16,0.2,0.4,0.1,0.4,0.4
671,-16,-0.99,-16,-0.1,-0.2,-0.99,1998547282,-0.6,16,16,0.2,0.4,0.1,0.5,0.1
673,-16,-0.99,-16,-0.1,-0.2,-0.99,1998547327,-0.6,16,16,0.2,0.4,0.1,0.5,0.3
675,-16,-0.99,-16,-0.1,-0.2,-0.99,1998547371,-0.6,16,16,0.2,0.4,0.1,0.5,0.5
677,-16,-0.99,-16,-0.1,-0.2,-0.99,1998547415,-0.6,16,16,0.2,0.5,0.1,0.1,0.2
679,-16,-0.99,-16,-0.1,-0.2,-0.99,1998547464,-0.6,16,16,0.2,0.5,0.1,0.1,0.4
681,-16,-0.99,-16,-0.1,-0.2,-0.99,1998547565,-0.6,16,16,0.2,0.5,0.1,0.2,0.1
683,-16,-0.99,-16,-0.1,-0.2,-0.99,1998547613,-0.6,16,16,0.2,0.5,0.1,0.2,0.3
685,-16,-0.99,-16,-0.1,-0.2,-0.99,1998547702,-0.6,16,16,0.2,0.5,0.1,0.2,0.5
687,-16,-0.99,-16,-0.1,-0.2,-0.99,1998547777,-0.6,16,16,0.2,0.5,0.1,0.3,0.2
689,-16,-0.99,-16,-0.1,-0.2,-0.99,1998547835,-0.6,16,16,0.2,0.5,0.1,0.3,0.4
691,-16,-0.99,-16,-0.1,-0.2,-0.99,1998547875,-0.6,16,16,0.2,0.5,0.1,0.4,0.1
693,-16,-0.99,-16,-0.1,-0.2,-0.99,1998547929,-0.6,16,16,0.2,0.5,0.1,0.4,0.3
695,-16,-0.99,-16,-0.1,-0.2,-0.99,1998547984,-0.6,16,16,0.2,0.5,0.1,0.4,0.5
697,-16,-0.99,-16,-0.1,-0.2,-0.99,1998548057,-0.6,16,16,0.2,0.5,0.1,0.5,0.2
699,-16,-0.99,-16,-0.1,-0.2,-0.99,1998548161,-0.6,16,16,0.2,0.5,0.1,0.5,0.4
701,-16,-0.99,-16,-0.1,-0.2,-0.99,1998548215,-0.6,16,16,0.2,0.6,0.1,0.1,0.1
703,-16,-0.99,-16,-0.1,-0.2,-0.99,1998548259,-0.6,16,16,0.2,0.6,0.1,0.1,0.3
705,-16,-0.99,-16,-0.1,-0.2,-0.99,1998548332,-0.6,16,16,0.2,0.6,0.1,0.1,0.5
707,-16,-0.99,-16,-0.1,-0.2,-0.99,1998548430,-0.6,16,16,0.2,0.6,0.1,0.2,0.2
709,-16,-0.99,-16,-0.1,-0.2,-0.99,1998548472,-0.6,16,16,0.2,0.6,0.1,0.2,0.4
711,-16,-0.99,-16,-0.1,-0.2,-0.99,1998548523,-0.6,16,16,0.2,0.6,0.1,0.3,0.1
713,-16,-0.99,-16,-0.1,-0.2,-0.99,1998548565,-0.6,16,16,0.2,0.6,0.1,0.3,0.3
715,-16,-0.99,-16,-0.1,-0.2,-0.99,1998548618,-0.6,16,16,0.2,0.6,0.1,0.3,0.5
717,-16,-0.99,-16,-0.1,-0.2,-0.99,1998548658,-0.6,16,16,0.2,0.6,0.1,0.4,0.2
719,-16,-0.99,-16,-0.1,-0.2,-0.99,1998548729,-0.6,16,16,0.2,0.6,0.1,0.4,0.4
721,-16,-0.99,-16,-0.1,-0.2,-0.99,1998548782,-0.6,16,16,0.2,0.6,0.1,0.5,0.1
723,-16,-0.99,-16,-0.1,-0.2,-0.99,1998548833,-0.6,16,16,0.2,0.6,0.1,0.5,0.3
725,-16,-0.99,-16,-0.1,-0.2,-0.99,1998548877,-0.6,16,16,0.2,0.6,0.1,0.5,0.5
727,-16,-0.99,-16,-0.1,-0.2,-0.99,1998548930,-0.6,16,16,0.2,0.7,0.1,0.1,0.2
729,-16,-0.99,-16,-0.1,-0.2,-0.99,1998548979,-0.6,16,16,0.2,0.7,0.1,0.1,0.4
731,-16,-0.99,-16,-0.1,-0.2,-0.99,1998549030,-0.6,16,16,0.2,0.7,0.1,0.2,0.1
733,-16,-0.99,-16,-0.1,-0.2,-0.99,1998549071,-0.6,16,16,0.2,0.7,0.1,0.2,0.3
735,-16,-0.99,-16,-0.1,-0.2,-0.99,1998549200,-0.6,16,16,0.2,0.7,0.1,0.2,0.5
737,-16,-0.99,-16,-0.1,-0.2,-0.99,1998549265,-0.6,16,16,0.2,0.7,0.1,0.3,0.2
739,-16,-0.99,-16,-0.1,-0.2,-0.99,1998549330,-0.6,16,16,0.2,0.7,0.1,0.3,0.4
741,-16,-0.99,-16,-0.1,-0.2,-0.99,1998549371,-0.6,16,16,0.2,0.7,0.1,0.4,0.1
743,-16,-0.99,-16,-0.1,-0.2,-0.99,1998549410,-0.6,16,16,0.2,0.7,0.1,0.4,0.3
745,-16,-0.99,-16,-0.1,-0.2,-0.99,1998549446,-0.6,16,16,0.2,0.7,0.1,0.4,0.5
747,-16,-0.99,-16,-0.1,-0.2,-0.99,1998549484,-0.6,16,16,0.2,0.7,0.1,0.5,0.2
749,-16,-0.99,-16,-0.1,-0.2,-0.99,1998549548,-0.6,16,16,0.2,0.7,0.1,0.5,0.4
751,-16,-0.99,-16,-0.1,-0.2,-0.99,1998549592,-0.6,16,16,0.2,0.3,0.1,0.1,0.1
753,-16,-0.99,-16,-0.1,-0.2,-0.99,1998549638,-0.6,16,16,0.2,0.3,0.1,0.1,0.3
755,-16,-0.99,-16,-0.1,-0.2,-0.99,1998549746,-0.6,16,16,0.2,0.3,0.1,0.1,0.5
757,-16,-0.99,-16,-0.1,-0.2,-0.99,1998549791,-0.6,16,16,0.2,0.3,0.1,0.2,0.2
759,-16,-0.99,-16,-0.1,-0.2,-0.99,1998549844,-0.6,16,16,0.2,0.3,0.1,0.2,0.4
761,-16,-0.99,-16,-0.1,-0.2,-0.99,1998549934,-0.6,16,16,0.2,0.3,0.1,0.3,0.1
763,-16,-0.99,-16,-0.1,-0.2,-0.99,1998549992,-0.6,16,16,0.2,0.3,0.1,0.3,0.3
765,-16,-0.99,-16,-0.1,-0.2,-0.99,1998550064,-0.6,16,16,0.2,0.3,0.1,0.3,0.5
767,-16,-0.99,-16,-0.1,-0.2,-0.99,1998550165,-0.6,16,16,0.2,0.3,0.1,0.4,0.2
769,-16,-0.99,-16,-0.1,-0.2,-0.99,1998550253,-0.6,16,16,0.2,0.3,0.1,0.4,0.4
771,-16,-0.99,-16,-0.1,-0.2,-0.99,1998550323,-0.6,16,16,0.2,0.3,0.1,0.5,0.1
773,-16,-0.99,-16,-0.1,-0.2,-0.99,1998550414,-0.6,16,16,0.2,0.3,0.1,0.5,0.3
775,-16,-0.99,-16,-0.1,-0.2,-0.99,1998550446,-0.6,16,16,0.2,0.3,0.1,0.5,0.5
777,-16,-0.99,-16,-0.1,-0.2,-0.99,1998550489,-0.6,16,16,0.2,0.4,0.1,0.1,0.2
779,-16,-0.99,-16,-0.1,-0.2,-0.99,1998550539,-0.6,16,16,0.2,0.4,0.1,0.1,0.4
781,-16,-0.99,-16,-0.1,-0.2,-0.99,1998550610,-0.6,16,16,0.2,0.4,0.1,0.2,0.1
783,-16,-0.99,-16,-0.1,-0.2,-0.99,1998550767,-0.6,16,16,0.2,0.4,0.1,0.2,0.3
785,-16,-0.99,-16,-0.1,-0.2,-0.99,1998550838,-0.6,16,16,0.2,0.4,0.1,0.2,0.5
787,-16,-0.99,-16,-0.1,-0.2,-0.99,1998550893,-0.6,16,16,0.2,0.4,0.1,0.3,0.2
789,-16,-0.99,-16,-0.1,-0.2,-0.99,1998551045,-0.6,16,16,0.2,0.4,0.1,0.3,0.4
791,-16,-0.99,-16,-0.1,-0.2,-0.99,1998551130,-0.6,16,16,0.2,0.4,0.1,0.4,0.1
793,-16,-0.99,-16,-0.1,-0.2,-0.99,1998551190,-0.6,16,16,0.2,0.4,0.1,0.4,0.3
795,-16,-0.99,-16,-0.1,-0.2,-0.99,1998551258,-0.6,16,16,0.2,0.4,0.1,0.4,0.5
797,-16,-0.99,-16,-0.1,-0.2,-0.99,1998551310,-0.6,16,16,0.2,0.4,0.1,0.5,0.2
799,-16,-0.99,-16,-0.1,-0.2,-0.99,1998551369,-0.6,16,16,0.2,0.4,0.1,0.5,0.4
801,-16,-0.99,-16,-0.1,-0.2,-0.99,1998551437,-0.6,16,16,0.2,0.5,0.1,0.1,0.1
803,-16,-0.99,-16,-0.1,-0.2,-0.99,1998551509,-0.6,16,16,0.2,0.5,0.1,0.1,0.3
805,-16,-0.99,-16,-0.1,-0.2,-0.99,1998551568,-0.6,16,16,0.2,0.5,0.1,0.1,0.5
807,-16,-0.99,-16,-0.1,-0.2,-0.99,1998551678,-0.6,16,16,0.2,0.5,0.1,0.2,0.2
809,-16,-0.99,-16,-0.1,-0.2,-0.99,1998551738,-0.6,16,16,0.2,0.5,0.1,0.2,0.4
811,-16,-0.99,-16,-0.1,-0.2,-0.99,1998551785,-0.6,16,16,0.2,0.5,0.1,0.3,0.1
813,-16,-0.99,-16,-0.1,-0.2,-0.99,1998551838,-0.6,16,16,0.2,0.5,0.1,0.3,0.3
815,-16,-0.99,-16,-0.1,-0.2,-0.99,1998551927,-0.6,16,16,0.2,0.5,0.1,0.3,0.5
817,-16,-0.99,-16,-0.1,-0.2,-0.99,1998552001,-0.6,16,16,0.2,0.5,0.1,0.4,0.2
819,-16,-0.99,-16,-0.1,-0.2,-0.99,1998552045,-0.6,16,16,0.2,0.5,0.1,0.4,0.4
821,-16,-0.99,-16,-0.1,-0.2,-0.99,1998552084,-0.6,16,16,0.2,0.5,0.1,0.5,0.1
823,-16,-0.99,-16,-0.1,-0.2,-0.99,1998552150,-0.6,16,16,0.2,0.5,0.1,0.5,0.3
825,-16,-0.99,-16,-0.1,-0.2,-0.99,1998552222,-0.6,16,16,0.2,0.5,0.1,0.5,0.5
827,-16,-0.99,-16,-0.1,-0.2,-0.99,1998552278,-0.6,16,16,0.2,0.6,0.1,0.1,0.2
829,-16,-0.99,-16,-0.1,-0.2,-0.99,1998552323,-0.6,16,16,0.2,0.6,0.1,0.1,0.4
831,-16,-0.99,-16,-0.1,-0.2,-0.99,1998552382,-0.6,16,16,0.2,0.6,0.1,0.2,0.1
833,-16,-0.99,-16,-0.1,-0.2,-0.99,1998552437,-0.6,16,16,0.2,0.6,0.1,0.2,0.3
835,-16,-0.99,-16,-0.1,-0.2,-0.99,1998552526,-0.6,16,16,0.2,0.6,0.1,0.2,0.5
837,-16,-0.99,-16,-0.1,-0.2,-0.99,1998552573,-0.6,16,16,0.2,0.6,0.1,0.3,0.2
839,-16,-0.99,-16,-0.1,-0.2,-0.99,1998552639,-0.6,16,16,0.2,0.6,0.1,0.3,0.4
841,-16,-0.99,-16,-0.1,-0.2,-0.99,1998552682,-0.6,16,16,0.2,0.6,0.1,0.4,0.1
843,-16,-0.99,-16,-0.1,-0.2,-0.99,1998552730,-0.6,16,16,0.2,0.6,0.1,0.4,0.3
845,-16,-0.99,-16,-0.1,-0.2,-0.99,1998552778,-0.6,16,16,0.2,0.6,0.1,0.4,0.5
847,-16,-0.99,-16,-0.1,-0.2,-0.99,1998552826,-0.6,16,16,0.2,0.6,0.1,0.5,0.2
849,-16,-0.99,-16,-0.1,-0.2,-0.99,1998552870,-0.6,16,16,0.2,0.6,0.1,0.5,0.4
851,-16,-0.99,-16,-0.1,-0.2,-0.99,1998552933,-0.6,16,16,0.2,0.7,0.1,0.1,0.1
853,-16,-0.99,-16,-0.1,-0.2,-0.99,1998552990,-0.6,16,16,0.2,0.7,0.1,0.1,0.3
855,-16,-0.99,-16,-0.1,-0.2,-0.99,1998553047,-0.6,16,16,0.2,0.7,0.1,0.1,0.5
857,-16,-0.99,-16,-0.1,-0.2,-0.99,1998553090,-0.6,16,16,0.2,0.7,0.1,0.2,0.2
859,-16,-0.99,-16,-0.1,-0.2,-0.99,1998553139,-0.6,16,16,0.2,0.7,0.1,0.2,0.4
861,-16,-0.99,-16,-0.1,-0.2,-0.99,1998553175,-0.6,16,16,0.2,0.7,0.1,0.3,0.1
863,-16,-0.99,-16,-0.1,-0.2,-0.99,1998553225,-0.6,16,16,0.2,0.7,0.1,0.3,0.3
865,-16,-0.99,-16,-0.1,-0.2,-0.99,1998553276,-0.6,16,16,0.2,0.7,0.1,0.3,0.5
867,-16,-0.99,-16,-0.1,-0.2,-0.99,1998553321,-0.6,16,16,0.2,0.7,0.1,0.4,0.2
869,-16,-0.99,-16,-0.1,-0.2,-0.99,1998553369,-0.6,16,16,0.2,0.7,0.1,0.4,0.4
871,-16,-0.99,-16,-0.1,-0.2,-0.99,1998553425,-0.6,16,16,0.2,0.7,0.1,0.5,0.1
873,-16,-0.99,-16,-0.1,-0.2,-0.99,1998553563,-0.6,16,16,0.2,0.7,0.1,0.5,0.3
875,-16,-0.99,-16,-0.1,-0.2,-0.99,1998553686,-0.6,16,16,0.2,0.7,0.1,0.5,0.5
877,-16,-0.99,-16,-0.1,-0.2,-0.99,1998553743,-0.6,16,16,0.2,0.3,0.1,0.1,0.2
879,-16,-0.99,-16,-0.1,-0.2,-0.99,1998553785,-0.6,16,16,0.2,0.3,0.1,0.1,0.4
881,-16,-0.99,-16,-0.1,-0.2,-0.99,1998553832,-0.6,16,16,0.2,0.3,0.1,0.2,0.1
883,-16,-0.99,-16,-0.1,-0.2,-0.99,1998553913,-0.6,16,16,0.2,0.3,0.1,0.2,0.3
885,-16,-0.99,-16,-0.1,-0.2,-0.99,1998554014,-0.6,16,16,0.2,0.3,0.1,0.2,0.5
887,-16,-0.99,-16,-0.1,-0.2,-0.99,1998554092,-0.6,16,16,0.2,0.3,0.1,0.3,0.2
889,-16,-0.99,-16,-0.1,-0.2,-0.99,1998554153,-0.6,16,16,0.2,0.3,0.1,0.3,0.4
891,-16,-0.99,-16,-0.1,-0.2,-0.99,1998554243,-0.6,16,16,0.2,0.3,0.1,0.4,0.1
893,-16,-0.99,-16,-0.1,-0.2,-0.99,1998554348,-0.6,16,16,0.2,0.3,0.1,0.4,0.3
895,-16,-0.99,-16,-0.1,-0.2,-0.99,1998554419,-0.6,16,16,0.2,0.3,0.1,0.4,0.5
897,-16,-0.99,-16,-0.1,-0.2,-0.99,1998554452,-0.6,16,16,0.2,0.3,0.1,0.5,0.2
899,-16,-0.99,-16,-0.1,-0.2,-0.99,1998554510,-0.6,16,16,0.2,0.3,0.1,0.5,0.4
901,-16,-0.99,-16,-0.1,-0.2,-0.99,1998554561,-0.6,16,16,0.2,0.4,0.1,0.1,0.1
903,-16,-0.99,-16,-0.1,-0.2,-0.99,1998554613,-0.6,16,16,0.2,0.4,0.1,0.1,0.3
905,-16,-0.99,-16,-0.1,-0.2,-0.99,1998554655,-0.6,16,16,0.2,0.4,0.1,0.1,0.5
907,-16,-0.99,-16,-0.1,-0.2,-0.99,1998554713,-0.6,16,16,0.2,0.4,0.1,0.2,0.2
909,-16,-0.99,-16,-0.1,-0.2,-0.99,1998554754,-0.6,16,16,0.2,0.4,0.1,0.2,0.4
911,-16,-0.99,-16,-0.1,-0.2,-0.99,1998555193,-0.6,16,16,0.2,0.4,0.1,0.3,0.1
913,-16,-0.99,-16,-0.1,-0.2,-0.99,1998555236,-0.6,16,16,0.2,0.4,0.1,0.3,0.3
915,-16,-0.99,-16,-0.1,-0.2,-0.99,1998555308,-0.6,16,16,0.2,0.4,0.1,0.3,0.5
917,-16,-0.99,-16,-0.1,-0.2,-0.99,1998555366,-0.6,16,16,0.2,0.4,0.1,0.4,0.2
919,-16,-0.99,-16,-0.1,-0.2,-0.99,1998555421,-0.6,16,16,0.2,0.4,0.1,0.4,0.4
921,-16,-0.99,-16,-0.1,-0.2,-0.99,1998555499,-0.6,16,16,0.2,0.4,0.1,0.5,0.1
923,-16,-0.99,-16,-0.1,-0.2,-0.99,1998555556,-0.6,16,16,0.2,0.4,0.1,0.5,0.3
925,-16,-0.99,-16,-0.1,-0.2,-0.99,1998555615,-0.6,16,16,0.2,0.4,0.1,0.5,0.5
927,-16,-0.99,-16,-0.1,-0.2,-0.99,1998555664,-0.6,16,16,0.2,0.5,0.1,0.1,0.2
929,-16,-0.99,-16,-0.1,-0.2,-0.99,1998555710,-0.6,16,16,0.2,0.5,0.1,0.1,0.4
931,-16,-0.99,-16,-0.1,-0.2,-0.99,1998555762,-0.6,16,16,0.2,0.5,0.1,0.2,0.1
933,-16,-0.99,-16,-0.1,-0.2,-0.99,1998555820,-0.6,16,16,0.2,0.5,0.1,0.2,0.3
935,-16,-0.99,-16,-0.1,-0.2,-0.99,1998555899,-0.6,16,16,0.2,0.5,0.1,0.2,0.5
937,-16,-0.99,-16,-0.1,-0.2,-0.99,1998555964,-0.6,16,16,0.2,0.5,0.1,0.3,0.2
939,-16,-0.99,-16,-0.1,-0.2,-0.99,1998556018,-0.6,16,16,0.2,0.5,0.1,0.3,0.4
941,-16,-0.99,-16,-0.1,-0.2,-0.99,1998556062,-0.6,16,16,0.2,0.5,0.1,0.4,0.1
943,-16,-0.99,-16,-0.1,-0.2,-0.99,1998556118,-0.6,16,16,0.2,0.5,0.1,0.4,0.3
945,-16,-0.99,-16,-0.1,-0.2,-0.99,1998556156,-0.6,16,16,0.2,0.5,0.1,0.4,0.5
947,-16,-0.99,-16,-0.1,-0.2,-0.99,1998556216,-0.6,16,16,0.2,0.5,0.1,0.5,0.2
949,-16,-0.99,-16,-0.1,-0.2,-0.99,1998556263,-0.6,16,16,0.2,0.5,0.1,0.5,0.4
951,-16,-0.99,-16,-0.1,-0.2,-0.99,1998556313,-0.6,16,16,0.2,0.6,0.1,0.1,0.1
953,-16,-0.99,-16,-0.1,-0.2,-0.99,1998556353,-0.6,16,16,0.2,0.6,0.1,0.1,0.3
955,-16,-0.99,-16,-0.1,-0.2,-0.99,1998556394,-0.6,16,16,0.2,0.6,0.1,0.1,0.5
957,-16,-0.99,-16,-0.1,-0.2,-0.99,1998556430,-0.6,16,16,0.2,0.6,0.1,0.2,0.2
959,-16,-0.99,-16,-0.1,-0.2,-0.99,1998556467,-0.6,16,16,0.2,0.6,0.1,0.2,0.4
961,-16,-0.99,-16,-0.1,-0.2,-0.99,1998556551,-0.6,16,16,0.2,0.6,0.1,0.3,0.1
963,-16,-0.99,-16,-0.1,-0.2,-0.99,1998556696,-0.6,16,16,0.2,0.6,0.1,0.3,0.3
965,-16,-0.99,-16,-0.1,-0.2,-0.99,1998556773,-0.6,16,16,0.2,0.6,0.1,0.3,0.5
967,-16,-0.99,-16,-0.1,-0.2,-0.99,1998556847,-0.6,16,16,0.2,0.6,0.1,0.4,0.2
969,-16,-0.99,-16,-0.1,-0.2,-0.99,1998556921,-0.6,16,16,0.2,0.6,0.1,0.4,0.4
971,-16,-0.99,-16,-0.1,-0.2,-0.99,1998556957,-0.6,16,16,0.2,0.6,0.1,0.5,0.1
973,-16,-0.99,-16,-0.1,-0.2,-0.99,1998556998,-0.6,16,16,0.2,0.6,0.1,0.5,0.3
975,-16,-0.99,-16,-0.1,-0.2,-0.99,1998557050,-0.6,16,16,0.2,0.6,0.1,0.5,0.5
977,-16,-0.99,-16,-0.1,-0.2,-0.99,1998557095,-0.6,16,16,0.2,0.7,0.1,0.1,0.2
979,-16,-0.99,-16,-0.1,-0.2,-0.99,1998557168,-0.6,16,16,0.2,0.7,0.1,0.1,0.4
981,-16,-0.99,-16,-0.1,-0.2,-0.99,1998557209,-0.6,16,16,0.2,0.7,0.1,0.2,0.1
983,-16,-0.99,-16,-0.1,-0.2,-0.99,1998557260,-0.6,16,16,0.2,0.7,0.1,0.2,0.3
985,-16,-0.99,-16,-0.1,-0.2,-0.99,1998557302,-0.6,16,16,0.2,0.7,0.1,0.2,0.5
987,-16,-0.99,-16,-0.1,-0.2,-0.99,1998557346,-0.6,16,16,0.2,0.7,0.1,0.3,0.2
989,-16,-0.99,-16,-0.1,-0.2,-0.99,1998557399,-0.6,16,16,0.2,0.7,0.1,0.3,0.4
991,-16,-0.99,-16,-0.1,-0.2,-0.99,1998557469,-0.6,16,16,0.2,0.7,0.1,0.4,0.1
993,-16,-0.99,-16,-0.1,-0.2,-0.99,1998557612,-0.6,16,16,0.2,0.7,0.1,0.4,0.3
995,-16,-0.99,-16,-0.1,-0.2,-0.99,1998557661,-0.6,16,16,0.2,0.7,0.1,0.4,0.5
997,-16,-0.99,-16,-0.1,-0.2,-0.99,1998557702,-0.6,16,16,0.2,0.7,0.1,0.5,0.2
999,-16,-0.99,-16,-0.1,-0.2,-0.99,1998557745,-0.6,16,16,0.2,0.7,0.1,0.5,0.4
1001,-16,-0.99,-16,-0.1,-0.2,-0.99,1998557788,-0.6,16,16,0.2,0.3,0.1,0.1,0.1
1003,-16,-0.99,-16,-0.1,-0.2,-0.99,1998557830,-0.6,16,16,0.2,0.3,0.1,0.1,0.3
1005,-16,-0.99,-16,-0.1,-0.2,-0.99,1998557877,-0.6,16,16,0.2,0.3,0.1,0.1,0.5
1007,-16,-0.99,-16,-0.1,-0.2,-0.99,1998557933,-0.6,16,16,0.2,0.3,0.1,0.2,0.2
1009,-16,-0.99,-16,-0.1,-0.2,-0.99,1998557976,-0.6,16,16,0.2,0.3,0.1,0.2,0.4
1011,-16,-0.99,-16,-0.1,-0.2,-0.99,1998558017,-0.6,16,16,0.2,0.3,0.1,0.3,0.1
1013,-16,-0.99,-16,-0.1,-0.2,-0.99,1998558058,-0.6,16,16,0.2,0.3,0.1,0.3,0.3
1015,-16,-0.99,-16,-0.1,-0.2,-0.99,1998558092,-0.6,16,16,0.2,0.3,0.1,0.3,0.5
1017,-16,-0.99,-16,-0.1,-0.2,-0.99,1998558131,-0.6,16,16,0.2,0.3,0.1,0.4,0.2
1019,-16,-0.99,-16,-0.1,-0.2,-0.99,1998558264,-0.6,16,16,0.2,0.3,0.1,0.4,0.4
1021,-16,-0.99,-16,-0.1,-0.2,-0.99,1998558333,-0.6,16,16,0.2,0.3,0.1,0.5,0.1
1023,-16,-0.99,-16,-0.1,-0.2,-0.99,1998558395,-0.6,16,16,0.2,0.3,0.1,0.5,0.3
1025,-16,-0.99,-16,-0.1,-0.2,-0.99,1998558472,-0.6,16,16,0.2,0.3,0.1,0.5,0.5
1027,-16,-0.99,-16,-0.1,-0.2,-0.99,1998558563,-0.6,16,16,0.2,0.4,0.1,0.1,0.2
1029,-16,-0.99,-16,-0.1,-0.2,-0.99,1998558617,-0.6,16,16,0.2,0.4,0.1,0.1,0.4
1031,-16,-0.99,-16,-0.1,-0.2,-0.99,1998558657,-0.6,16,16,0.2,0.4,0.1,0.2,0.1
1033,-16,-0.99,-16,-0.1,-0.2,-0.99,1998558697,-0.6,16,16,0.2,0.4,0.1,0.2,0.3
1035,-16,-0.99,-16,-0.1,-0.2,-0.99,1998558750,-0.6,16,16,0.2,0.4,0.1,0.2,0.5
1037,-16,-0.99,-16,-0.1,-0.2,-0.99,1998558785,-0.6,16,16,0.2,0.4,0.1,0.3,0.2
1039,-16,-0.99,-16,-0.1,-0.2,-0.99,1998558816,-0.6,16,16,0.2,0.4,0.1,0.3,0.4
1041,-16,-0.99,-16,-0.1,-0.2,-0.99,1998558856,-0.6,16,16,0.2,0.4,0.1,0.4,0.1
1043,-16,-0.99,-16,-0.1,-0.2,-0.99,1998558913,-0.6,16,16,0.2,0.4,0.1,0.4,0.3
1045,-16,-0.99,-16,-0.1,-0.2,-0.99,1998558962,-0.6,16,16,0.2,0.4,0.1,0.4,0.5
1047,-16,-0.99,-16,-0.1,-0.2,-0.99,1998559004,-0.6,16,16,0.2,0.4,0.1,0.5,0.2
1049,-16,-0.99,-16,-0.1,-0.2,-0.99,1998559042,-0.6,16,16,0.2,0.4,0.1,0.5,0.4
1051,-16,-0.99,-16,-0.1,-0.2,-0.99,1998559099,-0.6,16,16,0.2,0.5,0.1,0.1,0.1
1053,-16,-0.99,-16,-0.1,-0.2,-0.99,1998559152,-0.6,16,16,0.2,0.5,0.1,0.1,0.3
1055,-16,-0.99,-16,-0.1,-0.2,-0.99,1998559198,-0.6,16,16,0.2,0.5,0.1,0.1,0.5
1057,-16,-0.99,-16,-0.1,-0.2,-0.99,1998559242,-0.6,16,16,0.2,0.5,0.1,0.2,0.2
1059,-16,-0.99,-16,-0.1,-0.2,-0.99,1998559280,-0.6,16,16,0.2,0.5,0.1,0.2,0.4
1061,-16,-0.99,-16,-0.1,-0.2,-0.99,1998559323,-0.6,16,16,0.2,0.5,0.1,0.3,0.1
1063,-16,-0.99,-16,-0.1,-0.2,-0.99,1998559374,-0.6,16,16,0.2,0.5,0.1,0.3,0.3
1065,-16,-0.99,-16,-0.1,-0.2,-0.99,1998559413,-0.6,16,16,0.2,0.5,0.1,0.3,0.5
1067,-16,-0.99,-16,-0.1,-0.2,-0.99,1998559480,-0.6,16,16,0.2,0.5,0.1,0.4,0.2
1069,-16,-0.99,-16,-0.1,-0.2,-0.99,1998559555,-0.6,16,16,0.2,0.5,0.1,0.4,0.4
1071,-16,-0.99,-16,-0.1,-0.2,-0.99,1998559592,-0.6,16,16,0.2,0.5,0.1,0.5,0.1
1073,-16,-0.99,-16,-0.1,-0.2,-0.99,1998559652,-0.6,16,16,0.2,0.5,0.1,0.5,0.3
1075,-16,-0.99,-16,-0.1,-0.2,-0.99,1998559728,-0.6,16,16,0.2,0.5,0.1,0.5,0.5
1077,-16,-0.99,-16,-0.1,-0.2,-0.99,1998559764,-0.6,16,16,0.2,0.6,0.1,0.1,0.2
1079,-16,-0.99,-16,-0.1,-0.2,-0.99,1998559811,-0.6,16,16,0.2,0.6,0.1,0.1,0.4
1081,-16,-0.99,-16,-0.1,-0.2,-0.99,1998559863,-0.6,16,16,0.2,0.6,0.1,0.2,0.1
1083,-16,-0.99,-16,-0.1,-0.2,-0.99,1998559928,-0.6,16,16,0.2,0.6,0.1,0.2,0.3
1085,-16,-0.99,-16,-0.1,-0.2,-0.99,1998559967,-0.6,16,16,0.2,0.6,0.1,0.2,0.5
1087,-16,-0.99,-16,-0.1,-0.2,-0.99,1998560028,-0.6,16,16,0.2,0.6,0.1,0.3,0.2
1089,-16,-0.99,-16,-0.1,-0.2,-0.99,1998560096,-0.6,16,16,0.2,0.6,0.1,0.3,0.4
1091,-16,-0.99,-16,-0.1,-0.2,-0.99,1998560152,-0.6,16,16,0.2,0.6,0.1,0.4,0.1
1093,-16,-0.99,-16,-0.1,-0.2,-0.99,1998560191,-0.6,16,16,0.2,0.6,0.1,0.4,0.3
1095,-16,-0.99,-16,-0.1,-0.2,-0.99,1998560241,-0.6,16,16,0.2,0.6,0.1,0.4,0.5
1097,-16,-0.99,-16,-0.1,-0.2,-0.99,1998560288,-0.6,16,16,0.2,0.6,0.1,0.5,0.2
1099,-16,-0.99,-16,-0.1,-0.2,-0.99,1998560367,-0.6,16,16,0.2,0.6,0.1,0.5,0.4
1101,-16,-0.99,-16,-0.1,-0.2,-0.99,1998560407,-0.6,16,16,0.2,0.7,0.1,0.1,0.1
1103,-16,-0.99,-16,-0.1,-0.2,-0.99,1998560458,-0.6,16,16,0.2,0.7,0.1,0.1,0.3
1105,-16,-0.99,-16,-0.1,-0.2,-0.99,1998560518,-0.6,16,16,0.2,0.7,0.1,0.1,0.5
1107,-16,-0.99,-16,-0.1,-0.2,-0.99,1998560570,-0.6,16,16,0.2,0.7,0.1,0.2,0.2
1109,-16,-0.99,-16,-0.1,-0.2,-0.99,1998560625,-0.6,16,16,0.2,0.7,0.1,0.2,0.4
1111,-16,-0.99,-16,-0.1,-0.2,-0.99,1998560665,-0.6,16,16,0.2,0.7,0.1,0.3,0.1
1113,-16,-0.99,-16,-0.1,-0.2,-0.99,1998560715,-0.6,16,16,0.2,0.7,0.1,0.3,0.3
1115,-16,-0.99,-16,-0.1,-0.2,-0.99,1998560755,-0.6,16,16,0.2,0.7,0.1,0.3,0.5
1117,-16,-0.99,-16,-0.1,-0.2,-0.99,1998560798,-0.6,16,16,0.2,0.7,0.1,0.4,0.2
1119,-16,-0.99,-16,-0.1,-0.2,-0.99,1998560883,-0.6,16,16,0.2,0.7,0.1,0.4,0.4
1121,-16,-0.99,-16,-0.1,-0.2,-0.99,1998560985,-0.6,16,16,0.2,0.7,0.1,0.5,0.1
1123,-16,-0.99,-16,-0.1,-0.2,-0.99,1998561078,-0.6,16,16,0.2,0.7,0.1,0.5,0.3
1125,-16,-0.99,-16,-0.1,-0.2,-0.99,1998561143,-0.6,16,16,0.2,0.7,0.1,0.5,0.5
1127,-16,-0.99,-16,-0.1,-0.2,-0.99,1998561206,-0.6,16,16,0.2,0.3,0.1,0.1,0.2
1129,-16,-0.99,-16,-0.1,-0.2,-0.99,1998561305,-0.6,16,16,0.2,0.3,0.1,0.1,0.4
1131,-16,-0.99,-16,-0.1,-0.2,-0.99,1998561358,-0.6,16,16,0.2,0.3,0.1,0.2,0.1
1133,-16,-0.99,-16,-0.1,-0.2,-0.99,1998561395,-0.6,16,16,0.2,0.3,0.1,0.2,0.3
1135,-16,-0.99,-16,-0.1,-0.2,-0.99,1998561457,-0.6,16,16,0.2,0.3,0.1,0.2,0.5
1137,-16,-0.99,-16,-0.1,-0.2,-0.99,1998561504,-0.6,16,16,0.2,0.3,0.1,0.3,0.2
1139,-16,-0.99,-16,-0.1,-0.2,-0.99,1998561541,-0.6,16,16,0.2,0.3,0.1,0.3,0.4
1141,-16,-0.99,-16,-0.1,-0.2,-0.99,1998561588,-0.6,16,16,0.2,0.3,0.1,0.4,0.1
1143,-16,-0.99,-16,-0.1,-0.2,-0.99,1998561650,-0.6,16,16,0.2,0.3,0.1,0.4,0.3
1145,-16,-0.99,-16,-0.1,-0.2,-0.99,1998561737,-0.6,16,16,0.2,0.3,0.1,0.4,0.5
1147,-16,-0.99,-16,-0.1,-0.2,-0.99,1998561772,-0.6,16,16,0.2,0.3,0.1,0.5,0.2
1149,-16,-0.99,-16,-0.1,-0.2,-0.99,1998561821,-0.6,16,16,0.2,0.3,0.1,0.5,0.4
1151,-16,-0.99,-16,-0.1,-0.2,-0.99,1998561856,-0.6,16,16,0.2,0.4,0.1,0.1,0.1
1153,-16,-0.99,-16,-0.1,-0.2,-0.99,1998561904,-0.6,16,16,0.2,0.4,0.1,0.1,0.3
1155,-16,-0.99,-16,-0.1,-0.2,-0.99,1998561962,-0.6,16,16,0.2,0.4,0.1,0.1,0.5
1157,-16,-0.99,-16,-0.1,-0.2,-0.99,1998562000,-0.6,16,16,0.2,0.4,0.1,0.2,0.2
1159,-16,-0.99,-16,-0.1,-0.2,-0.99,1998562051,-0.6,16,16,0.2,0.4,0.1,0.2,0.4
1161,-16,-0.99,-16,-0.1,-0.2,-0.99,1998562112,-0.6,16,16,0.2,0.4,0.1,0.3,0.1
1163,-16,-0.99,-16,-0.1,-0.2,-0.99,1998562161,-0.6,16,16,0.2,0.4,0.1,0.3,0.3
1165,-16,-0.99,-16,-0.1,-0.2,-0.99,1998562205,-0.6,16,16,0.2,0.4,0.1,0.3,0.5
1167,-16,-0.99,-16,-0.1,-0.2,-0.99,1998562262,-0.6,16,16,0.2,0.4,0.1,0.4,0.2
1169,-16,-0.99,-16,-0.1,-0.2,-0.99,1998562307,-0.6,16,16,0.2,0.4,0.1,0.4,0.4
1171,-16,-0.99,-16,-0.1,-0.2,-0.99,1998562351,-0.6,16,16,0.2,0.4,0.1,0.5,0.1
1173,-16,-0.99,-16,-0.1,-0.2,-0.99,1998562396,-0.6,16,16,0.2,0.4,0.1,0.5,0.3
1175,-16,-0.99,-16,-0.1,-0.2,-0.99,1998562442,-0.6,16,16,0.2,0.4,0.1,0.5,0.5
1177,-16,-0.99,-16,-0.1,-0.2,-0.99,1998562481,-0.6,16,16,0.2,0.5,0.1,0.1,0.2
1179,-16,-0.99,-16,-0.1,-0.2,-0.99,1998562525,-0.6,16,16,0.2,0.5,0.1,0.1,0.4
1181,-16,-0.99,-16,-0.1,-0.2,-0.99,1998562572,-0.6,16,16,0.2,0.5,0.1,0.2,0.1
1183,-16,-0.99,-16,-0.1,-0.2,-0.99,1998562603,-0.6,16,16,0.2,0.5,0.1,0.2,0.3
1185,-16,-0.99,-16,-0.1,-0.2,-0.99,1998562648,-0.6,16,16,0.2,0.5,0.1,0.2,0.5
1187,-16,-0.99,-16,-0.1,-0.2,-0.99,1998562688,-0.6,16,16,0.2,0.5,0.1,0.3,0.2
1189,-16,-0.99,-16,-0.1,-0.2,-0.99,1998562727,-0.6,16,16,0.2,0.5,0.1,0.3,0.4
1191,-16,-0.99,-16,-0.1,-0.2,-0.99,1998562774,-0.6,16,16,0.2,0.5,0.1,0.4,0.1
1193,-16,-0.99,-16,-0.1,-0.2,-0.99,1998562806,-0.6,16,16,0.2,0.5,0.1,0.4,0.3
1195,-16,-0.99,-16,-0.1,-0.2,-0.99,1998562846,-0.6,16,16,0.2,0.5,0.1,0.4,0.5
1197,-16,-0.99,-16,-0.1,-0.2,-0.99,1998562895,-0.6,16,16,0.2,0.5,0.1,0.5,0.2
1199,-16,-0.99,-16,-0.1,-0.2,-0.99,1998562937,-0.6,16,16,0.2,0.5,0.1,0.5,0.4
1201,-16,-0.99,-16,-0.1,-0.2,-0.99,1998563003,-0.6,16,16,0.2,0.6,0.1,0.1,0.1
1203,-16,-0.99,-16,-0.1,-0.2,-0.99,1998563047,-0.6,16,16,0.2,0.6,0.1,0.1,0.3
1205,-16,-0.99,-16,-0.1,-0.2,-0.99,1998563119,-0.6,16,16,0.2,0.6,0.1,0.1,0.5
1207,-16,-0.99,-16,-0.1,-0.2,-0.99,1998563194,-0.6,16,16,0.2,0.6,0.1,0.2,0.2
1209,-16,-0.99,-16,-0.1,-0.2,-0.99,1998563240,-0.6,16,16,0.2,0.6,0.1,0.2,0.4
1211,-16,-0.99,-16,-0.1,-0.2,-0.99,1998563278,-0.6,16,16,0.2,0.6,0.1,0.3,0.1
1213,-16,-0.99,-16,-0.1,-0.2,-0.99,1998563331,-0.6,16,16,0.2,0.6,0.1,0.3,0.3
1215,-16,-0.99,-16,-0.1,-0.2,-0.99,1998563382,-0.6,16,16,0.2,0.6,0.1,0.3,0.5
1217,-16,-0.99,-16,-0.1,-0.2,-0.99,1998563447,-0.6,16,16,0.2,0.6,0.1,0.4,0.2
1219,-16,-0.99,-16,-0.1,-0.2,-0.99,1998563533,-0.6,16,16,0.2,0.6,0.1,0.4,0.4
1221,-16,-0.99,-16,-0.1,-0.2,-0.99,1998563640,-0.6,16,16,0.2,0.6,0.1,0.5,0.1
1223,-16,-0.99,-16,-0.1,-0.2,-0.99,1998563795,-0.6,16,16,0.2,0.6,0.1,0.5,0.3
1225,-16,-0.99,-16,-0.1,-0.2,-0.99,1998563894,-0.6,16,16,0.2,0.6,0.1,0.5,0.5
1227,-16,-0.99,-16,-0.1,-0.2,-0.99,1998563959,-0.6,16,16,0.2,0.7,0.1,0.1,0.2
1229,-16,-0.99,-16,-0.1,-0.2,-0.99,1998564019,-0.6,16,16,0.2,0.7,0.1,0.1,0.4
1231,-16,-0.99,-16,-0.1,-0.2,-0.99,1998564058,-0.6,16,16,0.2,0.7,0.1,0.2,0.1
1233,-16,-0.99,-16,-0.1,-0.2,-0.99,1998564097,-0.6,16,16,0.2,0.7,0.1,0.2,0.3
1235,-16,-0.99,-16,-0.1,-0.2,-0.99,1998564141,-0.6,16,16,0.2,0.7,0.1,0.2,0.5
1237,-16,-0.99,-16,-0.1,-0.2,-0.99,1998564185,-0.6,16,16,0.2,0.7,0.1,0.3,0.2
1239,-16,-0.99,-16,-0.1,-0.2,-0.99,1998564218,-0.6,16,16,0.2,0.7,0.1,0.3,0.4
1241,-16,-0.99,-16,-0.1,-0.2,-0.99,1998564246,-0.6,16,16,0.2,0.7,0.1,0.4,0.1
1243,-16,-0.99,-16,-0.1,-0.2,-0.99,1998564281,-0.6,16,16,0.2,0.7,0.1,0.4,0.3
1245,-16,-0.99,-16,-0.1,-0.2,-0.99,1998564313,-0.6,16,16,0.2,0.7,0.1,0.4,0.5
1247,-16,-0.99,-16,-0.1,-0.2,-0.99,1998564360,-0.6,16,16,0.2,0.7,0.1,0.5,0.2
1249,-16,-0.99,-16,-0.1,-0.2,-0.99,1998564402,-0.6,16,16,0.2,0.7,0.1,0.5,0.4
2,-16,-0.99,-16,-0.1,-0.2,-0.99,1998517160,-0.6,16,16,0.2,0.3,0.1,0.1,0.2
4,-16,-0.99,-16,-0.1,-0.2,-0.99,1998520653,-0.6,16,16,0.2,0.3,0.1,0.1,0.4
6,-16,-0.99,-16,-0.1,-0.2,-0.99,1998521364,-0.6,16,16,0.2,0.3,0.1,0.2,0.1
8,-16,-0.99,-16,-0.1,-0.2,-0.99,1998521758,-0.6,16,16,0.2,0.3,0.1,0.2,0.3
10,-16,-0.99,-16,-0.1,-0.2,-0.99,1998522065,-0.6,16,16,0.2,0.3,0.1,0.2,0.5
12,-16,-0.99,-16,-0.1,-0.2,-0.99,1998522277,-0.6,16,16,0.2,0.3,0.1,0.3,0.2
14,-16,-0.99,-16,-0.1,-0.2,-0.99,1998522512,-0.6,16,16,0.2,0.3,0.1,0.3,0.4
16,-16,-0.99,-16,-0.1,-0.2,-0.99,1998522645,-0.6,16,16,0.2,0.3,0.1,0.4,0.1
18,-16,-0.99,-16,-0.1,-0.2,-0.99,1998522844,-0.6,16,16,0.2,0.3,0.1,0.4,0.3
20,-16,-0.99,-16,-0.1,-0.2,-0.99,1998523112,-0.6,16,16,0.2,0.3,0.1,0.4,0.5
22,-16,-0.99,-16,-0.1,-0.2,-0.99,1998523306,-0.6,16,16,0.2,0.3,0.1,0.5,0.2
24,-16,-0.99,-16,-0.1,-0.2,-0.99,1998523532,-0.6,16,16,0.2,0.3,0.1,0.5,0.4
26,-16,-0.99,-16,-0.1,-0.2,-0.99,1998523751,-0.6,16,16,0.2,0.4,0.1,0.1,0.1
28,-16,-0.99,-16,-0.1,-0.2,-0.99,1998523919,-0.6,16,16,0.2,0.4,0.1,0.1,0.3
30,-16,-0.99,-16,-0.1,-0.2,-0.99,1998524021,-0.6,16,16,0.2,0.4,0.1,0.1,0.5
32,-16,-0.99,-16,-0.1,-0.2,-0.99,1998524394,-0.6,16,16,0.2,0.4,0.1,0.2,0.2
34,-16,-0.99,-16,-0.1,-0.2,-0.99,1998524528,-0.6,16,16,0.2,0.4,0.1,0.2,0.4
36,-16,-0.99,-16,-0.1,-0.2,-0.99,1998524645,-0.6,16,16,0.2,0.4,0.1,0.3,0.1
38,-16,-0.99,-16,-0.1,-0.2,-0.99,1998524775,-0.6,16,16,0.2,0.4,0.1,0.3,0.3
40,-16,-0.99,-16,-0.1,-0.2,-0.99,1998524864,-0.6,16,16,0.2,0.4,0.1,0.3,0.5
42,-16,-0.99,-16,-0.1,-0.2,-0.99,1998524979,-0.6,16,16,0.2,0.4,0.1,0.4,0.2
44,-16,-0.99,-16,-0.1,-0.2,-0.99,1998525085,-0.6,16,16,0.2,0.4,0.1,0.4,0.4
46,-16,-0.99,-16,-0.1,-0.2,-0.99,1998525179,-0.6,16,16,0.2,0.4,0.1,0.5,0.1
48,-16,-0.99,-16,-0.1,-0.2,-0.99,1998525272,-0.6,16,16,0.2,0.4,0.1,0.5,0.3
50,-16,-0.99,-16,-0.1,-0.2,-0.99,1998525362,-0.6,16,16,0.2,0.4,0.1,0.5,0.5
52,-16,-0.99,-16,-0.1,-0.2,-0.99,1998525495,-0.6,16,16,0.2,0.5,0.1,0.1,0.2
54,-16,-0.99,-16,-0.1,-0.2,-0.99,1998525566,-0.6,16,16,0.2,0.5,0.1,0.1,0.4
56,-16,-0.99,-16,-0.1,-0.2,-0.99,1998525617,-0.6,16,16,0.2,0.5,0.1,0.2,0.1
58,-16,-0.99,-16,-0.1,-0.2,-0.99,1998525699,-0.6,16,16,0.2,0.5,0.1,0.2,0.3
60,-16,-0.99,-16,-0.1,-0.2,-0.99,1998525785,-0.6,16,16,0.2,0.5,0.1,0.2,0.5
62,-16,-0.99,-16,-0.1,-0.2,-0.99,1998525848,-0.6,16,16,0.2,0.5,0.1,0.3,0.2
64,-16,-0.99,-16,-0.1,-0.2,-0.99,1998525952,-0.6,16,16,0.2,0.5,0.1,0.3,0.4
66,-16,-0.99,-16,-0.1,-0.2,-0.99,1998526097,-0.6,16,16,0.2,0.5,0.1,0.4,0.1
68,-16,-0.99,-16,-0.1,-0.2,-0.99,1998526173,-0.6,16,16,0.2,0.5,0.1,0.4,0.3
70,-16,-0.99,-16,-0.1,-0.2,-0.99,1998526250,-0.6,16,16,0.2,0.5,0.1,0.4,0.5
72,-16,-0.99,-16,-0.1,-0.2,-0.99,1998526358,-0.6,16,16,0.2,0.5,0.1,0.5,0.2
74,-16,-0.99,-16,-0.1,-0.2,-0.99,1998526456,-0.6,16,16,0.2,0.5,0.1,0.5,0.4
76,-16,-0.99,-16,-0.1,-0.2,-0.99,1998526533,-0.6,16,16,0.2,0.6,0.1,0.1,0.1
78,-16,-0.99,-16,-0.1,-0.2,-0.99,1998526601,-0.6,16,16,0.2,0.6,0.1,0.1,0.3
80,-16,-0.99,-16,-0.1,-0.2,-0.99,1998526665,-0.6,16,16,0.2,0.6,0.1,0.1,0.5
82,-16,-0.99,-16,-0.1,-0.2,-0.99,1998526750,-0.6,16,16,0.2,0.6,0.1,0.2,0.2
84,-16,-0.99,-16,-0.1,-0.2,-0.99,1998526839,-0.6,16,16,0.2,0.6,0.1,0.2,0.4
86,-16,-0.99,-16,-0.1,-0.2,-0.99,1998526921,-0.6,16,16,0.2,0.6,0.1,0.3,0.1
88,-16,-0.99,-16,-0.1,-0.2,-0.99,1998526995,-0.6,16,16,0.2,0.6,0.1,0.3,0.3
90,-16,-0.99,-16,-0.1,-0.2,-0.99,1998527054,-0.6,16,16,0.2,0.6,0.1,0.3,0.5
92,-16,-0.99,-16,-0.1,-0.2,-0.99,1998527109,-0.6,16,16,0.2,0.6,0.1,0.4,0.2
94,-16,-0.99,-16,-0.1,-0.2,-0.99,1998527221,-0.6,16,16,0.2,0.6,0.1,0.4,0.4
96,-16,-0.99,-16,-0.1,-0.2,-0.99,1998527298,-0.6,16,16,0.2,0.6,0.1,0.5,0.1
98,-16,-0.99,-16,-0.1,-0.2,-0.99,1998527359,-0.6,16,16,0.2,0.6,0.1,0.5,0.3
100,-16,-0.99,-16,-0.1,-0.2,-0.99,1998527430,-0.6,16,16,0.2,0.6,0.1,0.5,0.5
102,-16,-0.99,-16,-0.1,-0.2,-0.99,1998527487,-0.6,16,16,0.2,0.7,0.1,0.1,0.2
104,-16,-0.99,-16,-0.1,-0.2,-0.99,1998527625,-0.6,16,16,0.2,0.7,0.1,0.1,0.4
106,-16,-0.99,-16,-0.1,-0.2,-0.99,1998527748,-0.6,16,16,0.2,0.7,0.1,0.2,0.1
108,-16,-0.99,-16,-0.1,-0.2,-0.99,1998527821,-0.6,16,16,0.2,0.7,0.1,0.2,0.3
110,-16,-0.99,-16,-0.1,-0.2,-0.99,1998527880,-0.6,16,16,0.2,0.7,0.1,0.2,0.5
112,-16,-0.99,-16,-0.1,-0.2,-0.99,1998527936,-0.6,16,16,0.2,0.7,0.1,0.3,0.2
114,-16,-0.99,-16,-0.1,-0.2,-0.99,1998528007,-0.6,16,16,0.2,0.7,0.1,0.3,0.4
116,-16,-0.99,-16,-0.1,-0.2,-0.99,1998528077,-0.6,16,16,0.2,0.7,0.1,0.4,0.1
118,-16,-0.99,-16,-0.1,-0.2,-0.99,1998528126,-0.6,16,16,0.2,0.7,0.1,0.4,0.3
120,-16,-0.99,-16,-0.1,-0.2,-0.99,1998528185,-0.6,16,16,0.2,0.7,0.1,0.4,0.5
122,-16,-0.99,-16,-0.1,-0.2,-0.99,1998528272,-0.6,16,16,0.2,0.7,0.1,0.5,0.2
124,-16,-0.99,-16,-0.1,-0.2,-0.99,1998528346,-0.6,16,16,0.2,0.7,0.1,0.5,0.4
126,-16,-0.99,-16,-0.1,-0.2,-0.99,1998528425,-0.6,16,16,0.2,0.3,0.1,0.1,0.1
128,-16,-0.99,-16,-0.1,-0.2,-0.99,1998528483,-0.6,16,16,0.2,0.3,0.1,0.1,0.3
130,-16,-0.99,-16,-0.1,-0.2,-0.99,1998528533,-0.6,16,16,0.2,0.3,0.1,0.1,0.5
132,-16,-0.99,-16,-0.1,-0.2,-0.99,1998528603,-0.6,16,16,0.2,0.3,0.1,0.2,0.2
134,-16,-0.99,-16,-0.1,-0.2,-0.99,1998528689,-0.6,16,16,0.2,0.3,0.1,0.2,0.4
136,-16,-0.99,-16,-0.1,-0.2,-0.99,1998528785,-0.6,16,16,0.2,0.3,0.1,0.3,0.1
138,-16,-0.99,-16,-0.1,-0.2,-0.99,1998528832,-0.6,16,16,0.2,0.3,0.1,0.3,0.3
140,-16,-0.99,-16,-0.1,-0.2,-0.99,1998528906,-0.6,16,16,0.2,0.3,0.1,0.3,0.5
142,-16,-0.99,-16,-0.1,-0.2,-0.99,1998528958,-0.6,16,16,0.2,0.3,0.1,0.4,0.2
144,-16,-0.99,-16,-0.1,-0.2,-0.99,1998529009,-0.6,16,16,0.2,0.3,0.1,0.4,0.4
146,-16,-0.99,-16,-0.1,-0.2,-0.99,1998529057,-0.6,16,16,0.2,0.3,0.1,0.5,0.1
148,-16,-0.99,-16,-0.1,-0.2,-0.99,1998529181,-0.6,16,16,0.2,0.3,0.1,0.5,0.3
150,-16,-0.99,-16,-0.1,-0.2,-0.99,1998529282,-0.6,16,16,0.2,0.3,0.1,0.5,0.5
152,-16,-0.99,-16,-0.1,-0.2,-0.99,1998529341,-0.6,16,16,0.2,0.4,0.1,0.1,0.2
154,-16,-0.99,-16,-0.1,-0.2,-0.99,1998529518,-0.6,16,16,0.2,0.4,0.1,0.1,0.4
156,-16,-0.99,-16,-0.1,-0.2,-0.99,1998529650,-0.6,16,16,0.2,0.4,0.1,0.2,0.1
158,-16,-0.99,-16,-0.1,-0.2,-0.99,1998529741,-0.6,16,16,0.2,0.4,0.1,0.2,0.3
160,-16,-0.99,-16,-0.1,-0.2,-0.99,1998529793,-0.6,16,16,0.2,0.4,0.1,0.2,0.5
162,-16,-0.99,-16,-0.1,-0.2,-0.99,1998529871,-0.6,16,16,0.2,0.4,0.1,0.3,0.2
164,-16,-0.99,-16,-0.1,-0.2,-0.99,1998529968,-0.6,16,16,0.2,0.4,0.1,0.3,0.4
166,-16,-0.99,-16,-0.1,-0.2,-0.99,1998530011,-0.6,16,16,0.2,0.4,0.1,0.4,0.1
168,-16,-0.99,-16,-0.1,-0.2,-0.99,1998530073,-0.6,16,16,0.2,0.4,0.1,0.4,0.3
170,-16,-0.99,-16,-0.1,-0.2,-0.99,1998530122,-0.6,16,16,0.2,0.4,0.1,0.4,0.5
172,-16,-0.99,-16,-0.1,-0.2,-0.99,1998530175,-0.6,16,16,0.2,0.4,0.1,0.5,0.2
174,-16,-0.99,-16,-0.1,-0.2,-0.99,1998530226,-0.6,16,16,0.2,0.4,0.1,0.5,0.4
176,-16,-0.99,-16,-0.1,-0.2,-0.99,1998530271,-0.6,16,16,0.2,0.5,0.1,0.1,0.1
178,-16,-0.99,-16,-0.1,-0.2,-0.99,1998530346,-0.6,16,16,0.2,0.5,0.1,0.1,0.3
180,-16,-0.99,-16,-0.1,-0.2,-0.99,1998530404,-0.6,16,16,0.2,0.5,0.1,0.1,0.5
182,-16,-0.99,-16,-0.1,-0.2,-0.99,1998530536,-0.6,16,16,0.2,0.5,0.1,0.2,0.2
184,-16,-0.99,-16,-0.1,-0.2,-0.99,1998530636,-0.6,16,16,0.2,0.5,0.1,0.2,0.4
186,-16,-0.99,-16,-0.1,-0.2,-0.99,1998530701,-0.6,16,16,0.2,0.5,0.1,0.3,0.1
188,-16,-0.99,-16,-0.1,-0.2,-0.99,1998530767,-0.6,16,16,0.2,0.5,0.1,0.3,0.3
190,-16,-0.99,-16,-0.1,-0.2,-0.99,1998530858,-0.6,16,16,0.2,0.5,0.1,0.3,0.5
192,-16,-0.99,-16,-0.1,-0.2,-0.99,1998530962,-0.6,16,16,0.2,0.5,0.1,0.4,0.2
194,-16,-0.99,-16,-0.1,-0.2,-0.99,1998531106,-0.6,16,16,0.2,0.5,0.1,0.4,0.4
196,-16,-0.99,-16,-0.1,-0.2,-0.99,1998531174,-0.6,16,16,0.2,0.5,0.1,0.5,0.1
198,-16,-0.99,-16,-0.1,-0.2,-0.99,1998531227,-0.6,16,16,0.2,0.5,0.1,0.5,0.3
200,-16,-0.99,-16,-0.1,-0.2,-0.99,1998531275,-0.6,16,16,0.2,0.5,0.1,0.5,0.5
202,-16,-0.99,-16,-0.1,-0.2,-0.99,1998531325,-0.6,16,16,0.2,0.6,0.1,0.1,0.2
204,-16,-0.99,-16,-0.1,-0.2,-0.99,1998531410,-0.6,16,16,0.2,0.6,0.1,0.1,0.4
206,-16,-0.99,-16,-0.1,-0.2,-0.99,1998531493,-0.6,16,16,0.2,0.6,0.1,0.2,0.1
208,-16,-0.99,-16,-0.1,-0.2,-0.99,1998531552,-0.6,16,16,0.2,0.6,0.1,0.2,0.3
210,-16,-0.99,-16,-0.1,-0.2,-0.99,1998531596,-0.6,16,16,0.2,0.6,0.1,0.2,0.5
212,-16,-0.99,-16,-0.1,-0.2,-0.99,1998531685,-0.6,16,16,0.2,0.6,0.1,0.3,0.2
214,-16,-0.99,-16,-0.1,-0.2,-0.99,1998531743,-0.6,16,16,0.2,0.6,0.1,0.3,0.4
216,-16,-0.99,-16,-0.1,-0.2,-0.99,1998531789,-0.6,16,16,0.2,0.6,0.1,0.4,0.1
218,-16,-0.99,-16,-0.1,-0.2,-0.99,1998531830,-0.6,16,16,0.2,0.6,0.1,0.4,0.3
220,-16,-0.99,-16,-0.1,-0.2,-0.99,1998531886,-0.6,16,16,0.2,0.6,0.1,0.4,0.5
222,-16,-0.99,-16,-0.1,-0.2,-0.99,1998531983,-0.6,16,16,0.2,0.6,0.1,0.5,0.2
224,-16,-0.99,-16,-0.1,-0.2,-0.99,1998532066,-0.6,16,16,0.2,0.6,0.1,0.5,0.4
226,-16,-0.99,-16,-0.1,-0.2,-0.99,1998532153,-0.6,16,16,0.2,0.7,0.1,0.1,0.1
228,-16,-0.99,-16,-0.1,-0.2,-0.99,1998532287,-0.6,16,16,0.2,0.7,0.1,0.1,0.3
230,-16,-0.99,-16,-0.1,-0.2,-0.99,1998532407,-0.6,16,16,0.2,0.7,0.1,0.1,0.5
232,-16,-0.99,-16,-0.1,-0.2,-0.99,1998532499,-0.6,16,16,0.2,0.7,0.1,0.2,0.2
234,-16,-0.99,-16,-0.1,-0.2,-0.99,1998532574,-0.6,16,16,0.2,0.7,0.1,0.2,0.4
236,-16,-0.99,-16,-0.1,-0.2,-0.99,1998532634,-0.6,16,16,0.2,0.7,0.1,0.3,0.1
238,-16,-0.99,-16,-0.1,-0.2,-0.99,1998532729,-0.6,16,16,0.2,0.7,0.1,0.3,0.3
240,-16,-0.99,-16,-0.1,-0.2,-0.99,1998532778,-0.6,16,16,0.2,0.7,0.1,0.3,0.5
242,-16,-0.99,-16,-0.1,-0.2,-0.99,1998532828,-0.6,16,16,0.2,0.7,0.1,0.4,0.2
244,-16,-0.99,-16,-0.1,-0.2,-0.99,1998532899,-0.6,16,16,0.2,0.7,0.1,0.4,0.4
246,-16,-0.99,-16,-0.1,-0.2,-0.99,1998532953,-0.6,16,16,0.2,0.7,0.1,0.5,0.1
248,-16,-0.99,-16,-0.1,-0.2,-0.99,1998533059,-0.6,16,16,0.2,0.7,0.1,0.5,0.3
250,-16,-0.99,-16,-0.1,-0.2,-0.99,1998533125,-0.6,16,16,0.2,0.7,0.1,0.5,0.5
252,-16,-0.99,-16,-0.1,-0.2,-0.99,1998533196,-0.6,16,16,0.2,0.3,0.1,0.1,0.2
254,-16,-0.99,-16,-0.1,-0.2,-0.99,1998533310,-0.6,16,16,0.2,0.3,0.1,0.1,0.4
256,-16,-0.99,-16,-0.1,-0.2,-0.99,1998533364,-0.6,16,16,0.2,0.3,0.1,0.2,0.1
258,-16,-0.99,-16,-0.1,-0.2,-0.99,1998533445,-0.6,16,16,0.2,0.3,0.1,0.2,0.3
260,-16,-0.99,-16,-0.1,-0.2,-0.99,1998533513,-0.6,16,16,0.2,0.3,0.1,0.2,0.5
262,-16,-0.99,-16,-0.1,-0.2,-0.99,1998533599,-0.6,16,16,0.2,0.3,0.1,0.3,0.2
264,-16,-0.99,-16,-0.1,-0.2,-0.99,1998533711,-0.6,16,16,0.2,0.3,0.1,0.3,0.4
266,-16,-0.99,-16,-0.1,-0.2,-0.99,1998533796,-0.6,16,16,0.2,0.3,0.1,0.4,0.1
268,-16,-0.99,-16,-0.1,-0.2,-0.99,1998533892,-0.6,16,16,0.2,0.3,0.1,0.4,0.3
270,-16,-0.99,-16,-0.1,-0.2,-0.99,1998533939,-0.6,16,16,0.2,0.3,0.1,0.4,0.5
272,-16,-0.99,-16,-0.1,-0.2,-0.99,1998534032,-0.6,16,16,0.2,0.3,0.1,0.5,0.2
274,-16,-0.99,-16,-0.1,-0.2,-0.99,1998534073,-0.6,16,16,0.2,0.3,0.1,0.5,0.4
276,-16,-0.99,-16,-0.1,-0.2,-0.99,1998534123,-0.6,16,16,0.2,0.4,0.1,0.1,0.1
278,-16,-0.99,-16,-0.1,-0.2,-0.99,1998534166,-0.6,16,16,0.2,0.4,0.1,0.1,0.3
280,-16,-0.99,-16,-0.1,-0.2,-0.99,1998534219,-0.6,16,16,0.2,0.4,0.1,0.1,0.5
282,-16,-0.99,-16,-0.1,-0.2,-0.99,1998534261,-0.6,16,16,0.2,0.4,0.1,0.2,0.2
284,-16,-0.99,-16,-0.1,-0.2,-0.99,1998534316,-0.6,16,16,0.2,0.4,0.1,0.2,0.4
286,-16,-0.99,-16,-0.1,-0.2,-0.99,1998534373,-0.6,16,16,0.2,0.4,0.1,0.3,0.1
288,-16,-0.99,-16,-0.1,-0.2,-0.99,1998534438,-0.6,16,16,0.2,0.4,0.1,0.3,0.3
290,-16,-0.99,-16,-0.1,-0.2,-0.99,1998534478,-0.6,16,16,0.2,0.4,0.1,0.3,0.5
292,-16,-0.99,-16,-0.1,-0.2,-0.99,1998534552,-0.6,16,16,0.2,0.4,0.1,0.4,0.2
294,-16,-0.99,-16,-0.1,-0.2,-0.99,1998534956,-0.6,16,16,0.2,0.4,0.1,0.4,0.4
296,-16,-0.99,-16,-0.1,-0.2,-0.99,1998535020,-0.6,16,16,0.2,0.4,0.1,0.5,0.1
298,-16,-0.99,-16,-0.1,-0.2,-0.99,1998535074,-0.6,16,16,0.2,0.4,0.1,0.5,0.3
300,-16,-0.99,-16,-0.1,-0.2,-0.99,1998535130,-0.6,16,16,0.2,0.4,0.1,0.5,0.5
302,-16,-0.99,-16,-0.1,-0.2,-0.99,1998535168,-0.6,16,16,0.2,0.5,0.1,0.1,0.2
304,-16,-0.99,-16,-0.1,-0.2,-0.99,1998535214,-0.6,16,16,0.2,0.5,0.1,0.1,0.4
306,-16,-0.99,-16,-0.1,-0.2,-0.99,1998535252,-0.6,16,16,0.2,0.5,0.1,0.2,0.1
308,-16,-0.99,-16,-0.1,-0.2,-0.99,1998535329,-0.6,16,16,0.2,0.5,0.1,0.2,0.3
310,-16,-0.99,-16,-0.1,-0.2,-0.99,1998535385,-0.6,16,16,0.2,0.5,0.1,0.2,0.5
312,-16,-0.99,-16,-0.1,-0.2,-0.99,1998535428,-0.6,16,16,0.2,0.5,0.1,0.3,0.2
314,-16,-0.99,-16,-0.1,-0.2,-0.99,1998535480,-0.6,16,16,0.2,0.5,0.1,0.3,0.4
316,-16,-0.99,-16,-0.1,-0.2,-0.99,1998535536,-0.6,16,16,0.2,0.5,0.1,0.4,0.1
318,-16,-0.99,-16,-0.1,-0.2,-0.99,1998535576,-0.6,16,16,0.2,0.5,0.1,0.4,0.3
320,-16,-0.99,-16,-0.1,-0.2,-0.99,1998535646,-0.6,16,16,0.2,0.5,0.1,0.4,0.5
322,-16,-0.99,-16,-0.1,-0.2,-0.99,1998535715,-0.6,16,16,0.2,0.5,0.1,0.5,0.2
324,-16,-0.99,-16,-0.1,-0.2,-0.99,1998535775,-0.6,16,16,0.2,0.5,0.1,0.5,0.4
326,-16,-0.99,-16,-0.1,-0.2,-0.99,1998535838,-0.6,16,16,0.2,0.6,0.1,0.1,0.1
328,-16,-0.99,-16,-0.1,-0.2,-0.99,1998535941,-0.6,16,16,0.2,0.6,0.1,0.1,0.3
330,-16,-0.99,-16,-0.1,-0.2,-0.99,1998535989,-0.6,16,16,0.2,0.6,0.1,0.1,0.5
332,-16,-0.99,-16,-0.1,-0.2,-0.99,1998536065,-0.6,16,16,0.2,0.6,0.1,0.2,0.2
334,-16,-0.99,-16,-0.1,-0.2,-0.99,1998536154,-0.6,16,16,0.2,0.6,0.1,0.2,0.4
336,-16,-0.99,-16,-0.1,-0.2,-0.99,1998536239,-0.6,16,16,0.2,0.6,0.1,0.3,0.1
338,-16,-0.99,-16,-0.1,-0.2,-0.99,1998536348,-0.6,16,16,0.2,0.6,0.1,0.3,0.3
340,-16,-0.99,-16,-0.1,-0.2,-0.99,1998536418,-0.6,16,16,0.2,0.6,0.1,0.3,0.5
342,-16,-0.99,-16,-0.1,-0.2,-0.99,1998536517,-0.6,16,16,0.2,0.6,0.1,0.4,0.2
344,-16,-0.99,-16,-0.1,-0.2,-0.99,1998536600,-0.6,16,16,0.2,0.6,0.1,0.4,0.4
346,-16,-0.99,-16,-0.1,-0.2,-0.99,1998536686,-0.6,16,16,0.2,0.6,0.1,0.5,0.1
348,-16,-0.99,-16,-0.1,-0.2,-0.99,1998536765,-0.6,16,16,0.2,0.6,0.1,0.5,0.3
350,-16,-0.99,-16,-0.1,-0.2,-0.99,1998536835,-0.6,16,16,0.2,0.6,0.1,0.5,0.5
352,-16,-0.99,-16,-0.1,-0.2,-0.99,1998536883,-0.6,16,16,0.2,0.7,0.1,0.1,0.2
354,-16,-0.99,-16,-0.1,-0.2,-0.99,1998536942,-0.6,16,16,0.2,0.7,0.1,0.1,0.4
356,-16,-0.99,-16,-0.1,-0.2,-0.99,1998536980,-0.6,16,16,0.2,0.7,0.1,0.2,0.1
358,-16,-0.99,-16,-0.1,-0.2,-0.99,1998537063,-0.6,16,16,0.2,0.7,0.1,0.2,0.3
360,-16,-0.99,-16,-0.1,-0.2,-0.99,1998537163,-0.6,16,16,0.2,0.7,0.1,0.2,0.5
362,-16,-0.99,-16,-0.1,-0.2,-0.99,1998537223,-0.6,16,16,0.2,0.7,0.1,0.3,0.2
364,-16,-0.99,-16,-0.1,-0.2,-0.99,1998537272,-0.6,16,16,0.2,0.7,0.1,0.3,0.4
366,-16,-0.99,-16,-0.1,-0.2,-0.99,1998537350,-0.6,16,16,0.2,0.7,0.1,0.4,0.1
368,-16,-0.99,-16,-0.1,-0.2,-0.99,1998537406,-0.6,16,16,0.2,0.7,0.1,0.4,0.3
370,-16,-0.99,-16,-0.1,-0.2,-0.99,1998537452,-0.6,16,16,0.2,0.7,0.1,0.4,0.5
372,-16,-0.99,-16,-0.1,-0.2,-0.99,1998537507,-0.6,16,16,0.2,0.7,0.1,0.5,0.2
374,-16,-0.99,-16,-0.1,-0.2,-0.99,1998537548,-0.6,16,16,0.2,0.7,0.1,0.5,0.4
376,-16,-0.99,-16,-0.1,-0.2,-0.99,1998537630,-0.6,16,16,0.2,0.3,0.1,0.1,0.1
378,-16,-0.99,-16,-0.1,-0.2,-0.99,1998537696,-0.6,16,16,0.2,0.3,0.1,0.1,0.3
380,-16,-0.99,-16,-0.1,-0.2,-0.99,1998537764,-0.6,16,16,0.2,0.3,0.1,0.1,0.5
382,-16,-0.99,-16,-0.1,-0.2,-0.99,1998537804,-0.6,16,16,0.2,0.3,0.1,0.2,0.2
384,-16,-0.99,-16,-0.1,-0.2,-0.99,1998537846,-0.6,16,16,0.2,0.3,0.1,0.2,0.4
386,-16,-0.99,-16,-0.1,-0.2,-0.99,1998537906,-0.6,16,16,0.2,0.3,0.1,0.3,0.1
388,-16,-0.99,-16,-0.1,-0.2,-0.99,1998537950,-0.6,16,16,0.2,0.3,0.1,0.3,0.3
390,-16,-0.99,-16,-0.1,-0.2,-0.99,1998538017,-0.6,16,16,0.2,0.3,0.1,0.3,0.5
392,-16,-0.99,-16,-0.1,-0.2,-0.99,1998538058,-0.6,16,16,0.2,0.3,0.1,0.4,0.2
394,-16,-0.99,-16,-0.1,-0.2,-0.99,1998538147,-0.6,16,16,0.2,0.3,0.1,0.4,0.4
396,-16,-0.99,-16,-0.1,-0.2,-0.99,1998538202,-0.6,16,16,0.2,0.3,0.1,0.5,0.1
398,-16,-0.99,-16,-0.1,-0.2,-0.99,1998538249,-0.6,16,16,0.2,0.3,0.1,0.5,0.3
400,-16,-0.99,-16,-0.1,-0.2,-0.99,1998538340,-0.6,16,16,0.2,0.3,0.1,0.5,0.5
402,-16,-0.99,-16,-0.1,-0.2,-0.99,1998538410,-0.6,16,16,0.2,0.4,0.1,0.1,0.2
404,-16,-0.99,-16,-0.1,-0.2,-0.99,1998538450,-0.6,16,16,0.2,0.4,0.1,0.1,0.4
406,-16,-0.99,-16,-0.1,-0.2,-0.99,1998538521,-0.6,16,16,0.2,0.4,0.1,0.2,0.1
408,-16,-0.99,-16,-0.1,-0.2,-0.99,1998538591,-0.6,16,16,0.2,0.4,0.1,0.2,0.3
410,-16,-0.99,-16,-0.1,-0.2,-0.99,1998538634,-0.6,16,16,0.2,0.4,0.1,0.2,0.5
412,-16,-0.99,-16,-0.1,-0.2,-0.99,1998538685,-0.6,16,16,0.2,0.4,0.1,0.3,0.2
414,-16,-0.99,-16,-0.1,-0.2,-0.99,1998538729,-0.6,16,16,0.2,0.4,0.1,0.3,0.4
416,-16,-0.99,-16,-0.1,-0.2,-0.99,1998538775,-0.6,16,16,0.2,0.4,0.1,0.4,0.1
418,-16,-0.99,-16,-0.1,-0.2,-0.99,1998538815,-0.6,16,16,0.2,0.4,0.1,0.4,0.3
420,-16,-0.99,-16,-0.1,-0.2,-0.99,1998538849,-0.6,16,16,0.2,0.4,0.1,0.4,0.5
422,-16,-0.99,-16,-0.1,-0.2,-0.99,1998538915,-0.6,16,16,0.2,0.4,0.1,0.5,0.2
424,-16,-0.99,-16,-0.1,-0.2,-0.99,1998538964,-0.6,16,16,0.2,0.4,0.1,0.5,0.4
426,-16,-0.99,-16,-0.1,-0.2,-0.99,1998539027,-0.6,16,16,0.2,0.5,0.1,0.1,0.1
428,-16,-0.99,-16,-0.1,-0.2,-0.99,1998539111,-0.6,16,16,0.2,0.5,0.1,0.1,0.3
430,-16,-0.99,-16,-0.1,-0.2,-0.99,1998539152,-0.6,16,16,0.2,0.5,0.1,0.1,0.5
432,-16,-0.99,-16,-0.1,-0.2,-0.99,1998539202,-0.6,16,16,0.2,0.5,0.1,0.2,0.2
434,-16,-0.99,-16,-0.1,-0.2,-0.99,1998539294,-0.6,16,16,0.2,0.5,0.1,0.2,0.4
436,-16,-0.99,-16,-0.1,-0.2,-0.99,1998539374,-0.6,16,16,0.2,0.5,0.1,0.3,0.1
438,-16,-0.99,-16,-0.1,-0.2,-0.99,1998539416,-0.6,16,16,0.2,0.5,0.1,0.3,0.3
440,-16,-0.99,-16,-0.1,-0.2,-0.99,1998539499,-0.6,16,16,0.2,0.5,0.1,0.3,0.5
442,-16,-0.99,-16,-0.1,-0.2,-0.99,1998539556,-0.6,16,16,0.2,0.5,0.1,0.4,0.2
444,-16,-0.99,-16,-0.1,-0.2,-0.99,1998539603,-0.6,16,16,0.2,0.5,0.1,0.4,0.4
446,-16,-0.99,-16,-0.1,-0.2,-0.99,1998539645,-0.6,16,16,0.2,0.5,0.1,0.5,0.1
448,-16,-0.99,-16,-0.1,-0.2,-0.99,1998539688,-0.6,16,16,0.2,0.5,0.1,0.5,0.3
450,-16,-0.99,-16,-0.1,-0.2,-0.99,1998539757,-0.6,16,16,0.2,0.5,0.1,0.5,0.5
452,-16,-0.99,-16,-0.1,-0.2,-0.99,1998539807,-0.6,16,16,0.2,0.6,0.1,0.1,0.2
454,-16,-0.99,-16,-0.1,-0.2,-0.99,1998539857,-0.6,16,16,0.2,0.6,0.1,0.1,0.4
456,-16,-0.99,-16,-0.1,-0.2,-0.99,1998539911,-0.6,16,16,0.2,0.6,0.1,0.2,0.1
458,-16,-0.99,-16,-0.1,-0.2,-0.99,1998539964,-0.6,16,16,0.2,0.6,0.1,0.2,0.3
460,-16,-0.99,-16,-0.1,-0.2,-0.99,1998540034,-0.6,16,16,0.2,0.6,0.1,0.2,0.5
462,-16,-0.99,-16,-0.1,-0.2,-0.99,1998540106,-0.6,16,16,0.2,0.6,0.1,0.3,0.2
464,-16,-0.99,-16,-0.1,-0.2,-0.99,1998540167,-0.6,16,16,0.2,0.6,0.1,0.3,0.4
466,-16,-0.99,-16,-0.1,-0.2,-0.99,1998540226,-0.6,16,16,0.2,0.6,0.1,0.4,0.1
468,-16,-0.99,-16,-0.1,-0.2,-0.99,1998540294,-0.6,16,16,0.2,0.6,0.1,0.4,0.3
470,-16,-0.99,-16,-0.1,-0.2,-0.99,1998540374,-0.6,16,16,0.2,0.6,0.1,0.4,0.5
472,-16,-0.99,-16,-0.1,-0.2,-0.99,1998540438,-0.6,16,16,0.2,0.6,0.1,0.5,0.2
474,-16,-0.99,-16,-0.1,-0.2,-0.99,1998540495,-0.6,16,16,0.2,0.6,0.1,0.5,0.4
476,-16,-0.99,-16,-0.1,-0.2,-0.99,1998540550,-0.6,16,16,0.2,0.7,0.1,0.1,0.1
478,-16,-0.99,-16,-0.1,-0.2,-0.99,1998540591,-0.6,16,16,0.2,0.7,0.1,0.1,0.3
480,-16,-0.99,-16,-0.1,-0.2,-0.99,1998540675,-0.6,16,16,0.2,0.7,0.1,0.1,0.5
482,-16,-0.99,-16,-0.1,-0.2,-0.99,1998540739,-0.6,16,16,0.2,0.7,0.1,0.2,0.2
484,-16,-0.99,-16,-0.1,-0.2,-0.99,1998540816,-0.6,16,16,0.2,0.7,0.1,0.2,0.4
486,-16,-0.99,-16,-0.1,-0.2,-0.99,1998540934,-0.6,16,16,0.2,0.7,0.1,0.3,0.1
488,-16,-0.99,-16,-0.1,-0.2,-0.99,1998541085,-0.6,16,16,0.2,0.7,0.1,0.3,0.3
490,-16,-0.99,-16,-0.1,-0.2,-0.99,1998541216,-0.6,16,16,0.2,0.7,0.1,0.3,0.5
492,-16,-0.99,-16,-0.1,-0.2,-0.99,1998541323,-0.6,16,16,0.2,0.7,0.1,0.4,0.2
494,-16,-0.99,-16,-0.1,-0.2,-0.99,1998541432,-0.6,16,16,0.2,0.7,0.1,0.4,0.4
496,-16,-0.99,-16,-0.1,-0.2,-0.99,1998541547,-0.6,16,16,0.2,0.7,0.1,0.5,0.1
498,-16,-0.99,-16,-0.1,-0.2,-0.99,1998541607,-0.6,16,16,0.2,0.7,0.1,0.5,0.3
500,-16,-0.99,-16,-0.1,-0.2,-0.99,1998541646,-0.6,16,16,0.2,0.7,0.1,0.5,0.5
502,-16,-0.99,-16,-0.1,-0.2,-0.99,1998541700,-0.6,16,16,0.2,0.3,0.1,0.1,0.2
504,-16,-0.99,-16,-0.1,-0.2,-0.99,1998541760,-0.6,16,16,0.2,0.3,0.1,0.1,0.4
506,-16,-0.99,-16,-0.1,-0.2,-0.99,1998541806,-0.6,16,16,0.2,0.3,0.1,0.2,0.1
508,-16,-0.99,-16,-0.1,-0.2,-0.99,1998541855,-0.6,16,16,0.2,0.3,0.1,0.2,0.3
510,-16,-0.99,-16,-0.1,-0.2,-0.99,1998541898,-0.6,16,16,0.2,0.3,0.1,0.2,0.5
512,-16,-0.99,-16,-0.1,-0.2,-0.99,1998541938,-0.6,16,16,0.2,0.3,0.1,0.3,0.2
514,-16,-0.99,-16,-0.1,-0.2,-0.99,1998542037,-0.6,16,16,0.2,0.3,0.1,0.3,0.4
516,-16,-0.99,-16,-0.1,-0.2,-0.99,1998542117,-0.6,16,16,0.2,0.3,0.1,0.4,0.1
518,-16,-0.99,-16,-0.1,-0.2,-0.99,1998542155,-0.6,16,16,0.2,0.3,0.1,0.4,0.3
520,-16,-0.99,-16,-0.1,-0.2,-0.99,1998542193,-0.6,16,16,0.2,0.3,0.1,0.4,0.5
522,-16,-0.99,-16,-0.1,-0.2,-0.99,1998542253,-0.6,16,16,0.2,0.3,0.1,0.5,0.2
524,-16,-0.99,-16,-0.1,-0.2,-0.99,1998542311,-0.6,16,16,0.2,0.3,0.1,0.5,0.4
526,-16,-0.99,-16,-0.1,-0.2,-0.99,1998542437,-0.6,16,16,0.2,0.4,0.1,0.1,0.1
528,-16,-0.99,-16,-0.1,-0.2,-0.99,1998542485,-0.6,16,16,0.2,0.4,0.1,0.1,0.3
530,-16,-0.99,-16,-0.1,-0.2,-0.99,1998542531,-0.6,16,16,0.2,0.4,0.1,0.1,0.5
532,-16,-0.99,-16,-0.1,-0.2,-0.99,1998542588,-0.6,16,16,0.2,0.4,0.1,0.2,0.2
534,-16,-0.99,-16,-0.1,-0.2,-0.99,1998542651,-0.6,16,16,0.2,0.4,0.1,0.2,0.4
536,-16,-0.99,-16,-0.1,-0.2,-0.99,1998542694,-0.6,16,16,0.2,0.4,0.1,0.3,0.1
538,-16,-0.99,-16,-0.1,-0.2,-0.99,1998542755,-0.6,16,16,0.2,0.4,0.1,0.3,0.3
540,-16,-0.99,-16,-0.1,-0.2,-0.99,1998542803,-0.6,16,16,0.2,0.4,0.1,0.3,0.5
542,-16,-0.99,-16,-0.1,-0.2,-0.99,1998542921,-0.6,16,16,0.2,0.4,0.1,0.4,0.2
544,-16,-0.99,-16,-0.1,-0.2,-0.99,1998542997,-0.6,16,16,0.2,0.4,0.1,0.4,0.4
546,-16,-0.99,-16,-0.1,-0.2,-0.99,1998543050,-0.6,16,16,0.2,0.4,0.1,0.5,0.1
548,-16,-0.99,-16,-0.1,-0.2,-0.99,1998543100,-0.6,16,16,0.2,0.4,0.1,0.5,0.3
550,-16,-0.99,-16,-0.1,-0.2,-0.99,1998543184,-0.6,16,16,0.2,0.4,0.1,0.5,0.5
552,-16,-0.99,-16,-0.1,-0.2,-0.99,1998543301,-0.6,16,16,0.2,0.5,0.1,0.1,0.2
554,-16,-0.99,-16,-0.1,-0.2,-0.99,1998543348,-0.6,16,16,0.2,0.5,0.1,0.1,0.4
556,-16,-0.99,-16,-0.1,-0.2,-0.99,1998543390,-0.6,16,16,0.2,0.5,0.1,0.2,0.1
558,-16,-0.99,-16,-0.1,-0.2,-0.99,1998543434,-0.6,16,16,0.2,0.5,0.1,0.2,0.3
560,-16,-0.99,-16,-0.1,-0.2,-0.99,1998543480,-0.6,16,16,0.2,0.5,0.1,0.2,0.5
562,-16,-0.99,-16,-0.1,-0.2,-0.99,1998543524,-0.6,16,16,0.2,0.5,0.1,0.3,0.2
564,-16,-0.99,-16,-0.1,-0.2,-0.99,1998543571,-0.6,16,16,0.2,0.5,0.1,0.3,0.4
566,-16,-0.99,-16,-0.1,-0.2,-0.99,1998543614,-0.6,16,16,0.2,0.5,0.1,0.4,0.1
568,-16,-0.99,-16,-0.1,-0.2,-0.99,1998543647,-0.6,16,16,0.2,0.5,0.1,0.4,0.3
570,-16,-0.99,-16,-0.1,-0.2,-0.99,1998543695,-0.6,16,16,0.2,0.5,0.1,0.4,0.5
572,-16,-0.99,-16,-0.1,-0.2,-0.99,1998543746,-0.6,16,16,0.2,0.5,0.1,0.5,0.2
574,-16,-0.99,-16,-0.1,-0.2,-0.99,1998543811,-0.6,16,16,0.2,0.5,0.1,0.5,0.4
576,-16,-0.99,-16,-0.1,-0.2,-0.99,1998543879,-0.6,16,16,0.2,0.6,0.1,0.1,0.1
578,-16,-0.99,-16,-0.1,-0.2,-0.99,1998543984,-0.6,16,16,0.2,0.6,0.1,0.1,0.3
580,-16,-0.99,-16,-0.1,-0.2,-0.99,1998544079,-0.6,16,16,0.2,0.6,0.1,0.1,0.5
582,-16,-0.99,-16,-0.1,-0.2,-0.99,1998544178,-0.6,16,16,0.2,0.6,0.1,0.2,0.2
584,-16,-0.99,-16,-0.1,-0.2,-0.99,1998544313,-0.6,16,16,0.2,0.6,0.1,0.2,0.4
586,-16,-0.99,-16,-0.1,-0.2,-0.99,1998544380,-0.6,16,16,0.2,0.6,0.1,0.3,0.1
588,-16,-0.99,-16,-0.1,-0.2,-0.99,1998544434,-0.6,16,16,0.2,0.6,0.1,0.3,0.3
590,-16,-0.99,-16,-0.1,-0.2,-0.99,1998544517,-0.6,16,16,0.2,0.6,0.1,0.3,0.5
592,-16,-0.99,-16,-0.1,-0.2,-0.99,1998544561,-0.6,16,16,0.2,0.6,0.1,0.4,0.2
594,-16,-0.99,-16,-0.1,-0.2,-0.99,1998544644,-0.6,16,16,0.2,0.6,0.1,0.4,0.4
596,-16,-0.99,-16,-0.1,-0.2,-0.99,1998544729,-0.6,16,16,0.2,0.6,0.1,0.5,0.1
598,-16,-0.99,-16,-0.1,-0.2,-0.99,1998544770,-0.6,16,16,0.2,0.6,0.1,0.5,0.3
600,-16,-0.99,-16,-0.1,-0.2,-0.99,1998544810,-0.6,16,16,0.2,0.6,0.1,0.5,0.5
602,-16,-0.99,-16,-0.1,-0.2,-0.99,1998544875,-0.6,16,16,0.2,0.7,0.1,0.1,0.2
604,-16,-0.99,-16,-0.1,-0.2,-0.99,1998544906,-0.6,16,16,0.2,0.7,0.1,0.1,0.4
606,-16,-0.99,-16,-0.1,-0.2,-0.99,1998544979,-0.6,16,16,0.2,0.7,0.1,0.2,0.1
608,-16,-0.99,-16,-0.1,-0.2,-0.99,1998545083,-0.6,16,16,0.2,0.7,0.1,0.2,0.3
610,-16,-0.99,-16,-0.1,-0.2,-0.99,1998545133,-0.6,16,16,0.2,0.7,0.1,0.2,0.5
612,-16,-0.99,-16,-0.1,-0.2,-0.99,1998545231,-0.6,16,16,0.2,0.7,0.1,0.3,0.2
614,-16,-0.99,-16,-0.1,-0.2,-0.99,1998545281,-0.6,16,16,0.2,0.7,0.1,0.3,0.4
616,-16,-0.99,-16,-0.1,-0.2,-0.99,1998545361,-0.6,16,16,0.2,0.7,0.1,0.4,0.1
618,-16,-0.99,-16,-0.1,-0.2,-0.99,1998545413,-0.6,16,16,0.2,0.7,0.1,0.4,0.3
620,-16,-0.99,-16,-0.1,-0.2,-0.99,1998545453,-0.6,16,16,0.2,0.7,0.1,0.4,0.5
622,-16,-0.99,-16,-0.1,-0.2,-0.99,1998545495,-0.6,16,16,0.2,0.7,0.1,0.5,0.2
624,-16,-0.99,-16,-0.1,-0.2,-0.99,1998545538,-0.6,16,16,0.2,0.7,0.1,0.5,0.4
626,-16,-0.99,-16,-0.1,-0.2,-0.99,1998545603,-0.6,16,16,0.2,0.3,0.1,0.1,0.1
628,-16,-0.99,-16,-0.1,-0.2,-0.99,1998545652,-0.6,16,16,0.2,0.3,0.1,0.1,0.3
630,-16,-0.99,-16,-0.1,-0.2,-0.99,1998545693,-0.6,16,16,0.2,0.3,0.1,0.1,0.5
632,-16,-0.99,-16,-0.1,-0.2,-0.99,1998545743,-0.6,16,16,0.2,0.3,0.1,0.2,0.2
634,-16,-0.99,-16,-0.1,-0.2,-0.99,1998545788,-0.6,16,16,0.2,0.3,0.1,0.2,0.4
636,-16,-0.99,-16,-0.1,-0.2,-0.99,1998545856,-0.6,16,16,0.2,0.3,0.1,0.3,0.1
638,-16,-0.99,-16,-0.1,-0.2,-0.99,1998545897,-0.6,16,16,0.2,0.3,0.1,0.3,0.3
640,-16,-0.99,-16,-0.1,-0.2,-0.99,1998545940,-0.6,16,16,0.2,0.3,0.1,0.3,0.5
642,-16,-0.99,-16,-0.1,-0.2,-0.99,1998545980,-0.6,16,16,0.2,0.3,0.1,0.4,0.2
644,-16,-0.99,-16,-0.1,-0.2,-0.99,1998546046,-0.6,16,16,0.2,0.3,0.1,0.4,0.4
646,-16,-0.99,-16,-0.1,-0.2,-0.99,1998546094,-0.6,16,16,0.2,0.3,0.1,0.5,0.1
648,-16,-0.99,-16,-0.1,-0.2,-0.99,1998546197,-0.6,16,16,0.2,0.3,0.1,0.5,0.3
650,-16,-0.99,-16,-0.1,-0.2,-0.99,1998546276,-0.6,16,16,0.2,0.3,0.1,0.5,0.5
652,-16,-0.99,-16,-0.1,-0.2,-0.99,1998546326,-0.6,16,16,0.2,0.4,0.1,0.1,0.2
654,-16,-0.99,-16,-0.1,-0.2,-0.99,1998546366,-0.6,16,16,0.2,0.4,0.1,0.1,0.4
656,-16,-0.99,-16,-0.1,-0.2,-0.99,1998546412,-0.6,16,16,0.2,0.4,0.1,0.2,0.1
658,-16,-0.99,-16,-0.1,-0.2,-0.99,1998546456,-0.6,16,16,0.2,0.4,0.1,0.2,0.3
660,-16,-0.99,-16,-0.1,-0.2,-0.99,1998546530,-0.6,16,16,0.2,0.4,0.1,0.2,0.5
662,-16,-0.99,-16,-0.1,-0.2,-0.99,1998546576,-0.6,16,16,0.2,0.4,0.1,0.3,0.2
664,-16,-0.99,-16,-0.1,-0.2,-0.99,1998546614,-0.6,16,16,0.2,0.4,0.1,0.3,0.4
666,-16,-0.99,-16,-0.1,-0.2,-0.99,1998546736,-0.6,16,16,0.2,0.4,0.1,0.4,0.1
668,-16,-0.99,-16,-0.1,-0.2,-0.99,1998546787,-0.6,16,16,0.2,0.4,0.1,0.4,0.3
670,-16,-0.99,-16,-0.1,-0.2,-0.99,1998546846,-0.6,16,16,0.2,0.4,0.1,0.4,0.5
672,-16,-0.99,-16,-0.1,-0.2,-0.99,1998546897,-0.6,16,16,0.2,0.4,0.1,0.5,0.2
674,-16,-0.99,-16,-0.1,-0.2,-0.99,1998546934,-0.6,16,16,0.2,0.4,0.1,0.5,0.4
676,-16,-0.99,-16,-0.1,-0.2,-0.99,1998546975,-0.6,16,16,0.2,0.5,0.1,0.1,0.1
678,-16,-0.99,-16,-0.1,-0.2,-0.99,1998547016,-0.6,16,16,0.2,0.5,0.1,0.1,0.3
680,-16,-0.99,-16,-0.1,-0.2,-0.99,1998547070,-0.6,16,16,0.2,0.5,0.1,0.1,0.5
682,-16,-0.99,-16,-0.1,-0.2,-0.99,1998547105,-0.6,16,16,0.2,0.5,0.1,0.2,0.2
684,-16,-0.99,-16,-0.1,-0.2,-0.99,1998547154,-0.6,16,16,0.2,0.5,0.1,0.2,0.4
686,-16,-0.99,-16,-0.1,-0.2,-0.99,1998547219,-0.6,16,16,0.2,0.5,0.1,0.3,0.1
688,-16,-0.99,-16,-0.1,-0.2,-0.99,1998547262,-0.6,16,16,0.2,0.5,0.1,0.3,0.3
690,-16,-0.99,-16,-0.1,-0.2,-0.99,1998547307,-0.6,16,16,0.2,0.5,0.1,0.3,0.5
692,-16,-0.99,-16,-0.1,-0.2,-0.99,1998547356,-0.6,16,16,0.2,0.5,0.1,0.4,0.2
694,-16,-0.99,-16,-0.1,-0.2,-0.99,1998547430,-0.6,16,16,0.2,0.5,0.1,0.4,0.4
696,-16,-0.99,-16,-0.1,-0.2,-0.99,1998547470,-0.6,16,16,0.2,0.5,0.1,0.5,0.1
698,-16,-0.99,-16,-0.1,-0.2,-0.99,1998547592,-0.6,16,16,0.2,0.5,0.1,0.5,0.3
700,-16,-0.99,-16,-0.1,-0.2,-0.99,1998547630,-0.6,16,16,0.2,0.5,0.1,0.5,0.5
702,-16,-0.99,-16,-0.1,-0.2,-0.99,1998547678,-0.6,16,16,0.2,0.6,0.1,0.1,0.2
704,-16,-0.99,-16,-0.1,-0.2,-0.99,1998547762,-0.6,16,16,0.2,0.6,0.1,0.1,0.4
706,-16,-0.99,-16,-0.1,-0.2,-0.99,1998547820,-0.6,16,16,0.2,0.6,0.1,0.2,0.1
708,-16,-0.99,-16,-0.1,-0.2,-0.99,1998547862,-0.6,16,16,0.2,0.6,0.1,0.2,0.3
710,-16,-0.99,-16,-0.1,-0.2,-0.99,1998547912,-0.6,16,16,0.2,0.6,0.1,0.2,0.5
712,-16,-0.99,-16,-0.1,-0.2,-0.99,1998547978,-0.6,16,16,0.2,0.6,0.1,0.3,0.2
714,-16,-0.99,-16,-0.1,-0.2,-0.99,1998548054,-0.6,16,16,0.2,0.6,0.1,0.3,0.4
716,-16,-0.99,-16,-0.1,-0.2,-0.99,1998548118,-0.6,16,16,0.2,0.6,0.1,0.4,0.1
718,-16,-0.99,-16,-0.1,-0.2,-0.99,1998548206,-0.6,16,16,0.2,0.6,0.1,0.4,0.3
720,-16,-0.99,-16,-0.1,-0.2,-0.99,1998548265,-0.6,16,16,0.2,0.6,0.1,0.4,0.5
722,-16,-0.99,-16,-0.1,-0.2,-0.99,1998548314,-0.6,16,16,0.2,0.6,0.1,0.5,0.2
724,-16,-0.99,-16,-0.1,-0.2,-0.99,1998548424,-0.6,16,16,0.2,0.6,0.1,0.5,0.4
726,-16,-0.99,-16,-0.1,-0.2,-0.99,1998548466,-0.6,16,16,0.2,0.7,0.1,0.1,0.1
728,-16,-0.99,-16,-0.1,-0.2,-0.99,1998548506,-0.6,16,16,0.2,0.7,0.1,0.1,0.3
730,-16,-0.99,-16,-0.1,-0.2,-0.99,1998548563,-0.6,16,16,0.2,0.7,0.1,0.1,0.5
732,-16,-0.99,-16,-0.1,-0.2,-0.99,1998548593,-0.6,16,16,0.2,0.7,0.1,0.2,0.2
734,-16,-0.99,-16,-0.1,-0.2,-0.99,1998548641,-0.6,16,16,0.2,0.7,0.1,0.2,0.4
736,-16,-0.99,-16,-0.1,-0.2,-0.99,1998548698,-0.6,16,16,0.2,0.7,0.1,0.3,0.1
738,-16,-0.99,-16,-0.1,-0.2,-0.99,1998548772,-0.6,16,16,0.2,0.7,0.1,0.3,0.3
740,-16,-0.99,-16,-0.1,-0.2,-0.99,1998548807,-0.6,16,16,0.2,0.7,0.1,0.3,0.5
742,-16,-0.99,-16,-0.1,-0.2,-0.99,1998548852,-0.6,16,16,0.2,0.7,0.1,0.4,0.2
744,-16,-0.99,-16,-0.1,-0.2,-0.99,1998548902,-0.6,16,16,0.2,0.7,0.1,0.4,0.4
746,-16,-0.99,-16,-0.1,-0.2,-0.99,1998548941,-0.6,16,16,0.2,0.7,0.1,0.5,0.1
748,-16,-0.99,-16,-0.1,-0.2,-0.99,1998548990,-0.6,16,16,0.2,0.7,0.1,0.5,0.3
750,-16,-0.99,-16,-0.1,-0.2,-0.99,1998549029,-0.6,16,16,0.2,0.7,0.1,0.5,0.5
752,-16,-0.99,-16,-0.1,-0.2,-0.99,1998549067,-0.6,16,16,0.2,0.3,0.1,0.1,0.2
754,-16,-0.99,-16,-0.1,-0.2,-0.99,1998549125,-0.6,16,16,0.2,0.3,0.1,0.1,0.4
756,-16,-0.99,-16,-0.1,-0.2,-0.99,1998549254,-0.6,16,16,0.2,0.3,0.1,0.2,0.1
758,-16,-0.99,-16,-0.1,-0.2,-0.99,1998549325,-0.6,16,16,0.2,0.3,0.1,0.2,0.3
760,-16,-0.99,-16,-0.1,-0.2,-0.99,1998549370,-0.6,16,16,0.2,0.3,0.1,0.2,0.5
762,-16,-0.99,-16,-0.1,-0.2,-0.99,1998549411,-0.6,16,16,0.2,0.3,0.1,0.3,0.2
764,-16,-0.99,-16,-0.1,-0.2,-0.99,1998549463,-0.6,16,16,0.2,0.3,0.1,0.3,0.4
766,-16,-0.99,-16,-0.1,-0.2,-0.99,1998549499,-0.6,16,16,0.2,0.3,0.1,0.4,0.1
768,-16,-0.99,-16,-0.1,-0.2,-0.99,1998549568,-0.6,16,16,0.2,0.3,0.1,0.4,0.3
770,-16,-0.99,-16,-0.1,-0.2,-0.99,1998549611,-0.6,16,16,0.2,0.3,0.1,0.4,0.5
772,-16,-0.99,-16,-0.1,-0.2,-0.99,1998549719,-0.6,16,16,0.2,0.3,0.1,0.5,0.2
774,-16,-0.99,-16,-0.1,-0.2,-0.99,1998549772,-0.6,16,16,0.2,0.3,0.1,0.5,0.4
776,-16,-0.99,-16,-0.1,-0.2,-0.99,1998549814,-0.6,16,16,0.2,0.4,0.1,0.1,0.1
778,-16,-0.99,-16,-0.1,-0.2,-0.99,1998549854,-0.6,16,16,0.2,0.4,0.1,0.1,0.3
780,-16,-0.99,-16,-0.1,-0.2,-0.99,1998549906,-0.6,16,16,0.2,0.4,0.1,0.1,0.5
782,-16,-0.99,-16,-0.1,-0.2,-0.99,1998550002,-0.6,16,16,0.2,0.4,0.1,0.2,0.2
784,-16,-0.99,-16,-0.1,-0.2,-0.99,1998550069,-0.6,16,16,0.2,0.4,0.1,0.2,0.4
786,-16,-0.99,-16,-0.1,-0.2,-0.99,1998550128,-0.6,16,16,0.2,0.4,0.1,0.3,0.1
788,-16,-0.99,-16,-0.1,-0.2,-0.99,1998550219,-0.6,16,16,0.2,0.4,0.1,0.3,0.3
790,-16,-0.99,-16,-0.1,-0.2,-0.99,1998550288,-0.6,16,16,0.2,0.4,0.1,0.3,0.5
792,-16,-0.99,-16,-0.1,-0.2,-0.99,1998550363,-0.6,16,16,0.2,0.4,0.1,0.4,0.2
794,-16,-0.99,-16,-0.1,-0.2,-0.99,1998550438,-0.6,16,16,0.2,0.4,0.1,0.4,0.4
796,-16,-0.99,-16,-0.1,-0.2,-0.99,1998550480,-0.6,16,16,0.2,0.4,0.1,0.5,0.1
798,-16,-0.99,-16,-0.1,-0.2,-0.99,1998550530,-0.6,16,16,0.2,0.4,0.1,0.5,0.3
800,-16,-0.99,-16,-0.1,-0.2,-0.99,1998550647,-0.6,16,16,0.2,0.4,0.1,0.5,0.5
802,-16,-0.99,-16,-0.1,-0.2,-0.99,1998550733,-0.6,16,16,0.2,0.5,0.1,0.1,0.2
804,-16,-0.99,-16,-0.1,-0.2,-0.99,1998550817,-0.6,16,16,0.2,0.5,0.1,0.1,0.4
806,-16,-0.99,-16,-0.1,-0.2,-0.99,1998550928,-0.6,16,16,0.2,0.5,0.1,0.2,0.1
808,-16,-0.99,-16,-0.1,-0.2,-0.99,1998550989,-0.6,16,16,0.2,0.5,0.1,0.2,0.3
810,-16,-0.99,-16,-0.1,-0.2,-0.99,1998551085,-0.6,16,16,0.2,0.5,0.1,0.2,0.5
812,-16,-0.99,-16,-0.1,-0.2,-0.99,1998551131,-0.6,16,16,0.2,0.5,0.1,0.3,0.2
814,-16,-0.99,-16,-0.1,-0.2,-0.99,1998551254,-0.6,16,16,0.2,0.5,0.1,0.3,0.4
816,-16,-0.99,-16,-0.1,-0.2,-0.99,1998551308,-0.6,16,16,0.2,0.5,0.1,0.4,0.1
818,-16,-0.99,-16,-0.1,-0.2,-0.99,1998551365,-0.6,16,16,0.2,0.5,0.1,0.4,0.3
820,-16,-0.99,-16,-0.1,-0.2,-0.99,1998551444,-0.6,16,16,0.2,0.5,0.1,0.4,0.5
822,-16,-0.99,-16,-0.1,-0.2,-0.99,1998551540,-0.6,16,16,0.2,0.5,0.1,0.5,0.2
824,-16,-0.99,-16,-0.1,-0.2,-0.99,1998551604,-0.6,16,16,0.2,0.5,0.1,0.5,0.4
826,-16,-0.99,-16,-0.1,-0.2,-0.99,1998551714,-0.6,16,16,0.2,0.6,0.1,0.1,0.1
828,-16,-0.99,-16,-0.1,-0.2,-0.99,1998551753,-0.6,16,16,0.2,0.6,0.1,0.1,0.3
830,-16,-0.99,-16,-0.1,-0.2,-0.99,1998551810,-0.6,16,16,0.2,0.6,0.1,0.1,0.5
832,-16,-0.99,-16,-0.1,-0.2,-0.99,1998551868,-0.6,16,16,0.2,0.6,0.1,0.2,0.2
834,-16,-0.99,-16,-0.1,-0.2,-0.99,1998551960,-0.6,16,16,0.2,0.6,0.1,0.2,0.4
836,-16,-0.99,-16,-0.1,-0.2,-0.99,1998552013,-0.6,16,16,0.2,0.6,0.1,0.3,0.1
838,-16,-0.99,-16,-0.1,-0.2,-0.99,1998552056,-0.6,16,16,0.2,0.6,0.1,0.3,0.3
840,-16,-0.99,-16,-0.1,-0.2,-0.99,1998552102,-0.6,16,16,0.2,0.6,0.1,0.3,0.5
842,-16,-0.99,-16,-0.1,-0.2,-0.99,1998552178,-0.6,16,16,0.2,0.6,0.1,0.4,0.2
844,-16,-0.99,-16,-0.1,-0.2,-0.99,1998552243,-0.6,16,16,0.2,0.6,0.1,0.4,0.4
846,-16,-0.99,-16,-0.1,-0.2,-0.99,1998552282,-0.6,16,16,0.2,0.6,0.1,0.5,0.1
848,-16,-0.99,-16,-0.1,-0.2,-0.99,1998552345,-0.6,16,16,0.2,0.6,0.1,0.5,0.3
850,-16,-0.99,-16,-0.1,-0.2,-0.99,1998552404,-0.6,16,16,0.2,0.6,0.1,0.5,0.5
852,-16,-0.99,-16,-0.1,-0.2,-0.99,1998552483,-0.6,16,16,0.2,0.7,0.1,0.1,0.2
854,-16,-0.99,-16,-0.1,-0.2,-0.99,1998552546,-0.6,16,16,0.2,0.7,0.1,0.1,0.4
856,-16,-0.99,-16,-0.1,-0.2,-0.99,1998552598,-0.6,16,16,0.2,0.7,0.1,0.2,0.1
858,-16,-0.99,-16,-0.1,-0.2,-0.99,1998552658,-0.6,16,16,0.2,0.7,0.1,0.2,0.3
860,-16,-0.99,-16,-0.1,-0.2,-0.99,1998552707,-0.6,16,16,0.2,0.7,0.1,0.2,0.5
862,-16,-0.99,-16,-0.1,-0.2,-0.99,1998552749,-0.6,16,16,0.2,0.7,0.1,0.3,0.2
864,-16,-0.99,-16,-0.1,-0.2,-0.99,1998552798,-0.6,16,16,0.2,0.7,0.1,0.3,0.4
866,-16,-0.99,-16,-0.1,-0.2,-0.99,1998552837,-0.6,16,16,0.2,0.7,0.1,0.4,0.1
868,-16,-0.99,-16,-0.1,-0.2,-0.99,1998552896,-0.6,16,16,0.2,0.7,0.1,0.4,0.3
870,-16,-0.99,-16,-0.1,-0.2,-0.99,1998552948,-0.6,16,16,0.2,0.7,0.1,0.4,0.5
872,-16,-0.99,-16,-0.1,-0.2,-0.99,1998553004,-0.6,16,16,0.2,0.7,0.1,0.5,0.2
874,-16,-0.99,-16,-0.1,-0.2,-0.99,1998553051,-0.6,16,16,0.2,0.7,0.1,0.5,0.4
876,-16,-0.99,-16,-0.1,-0.2,-0.99,1998553108,-0.6,16,16,0.2,0.3,0.1,0.1,0.1
878,-16,-0.99,-16,-0.1,-0.2,-0.99,1998553153,-0.6,16,16,0.2,0.3,0.1,0.1,0.3
880,-16,-0.99,-16,-0.1,-0.2,-0.99,1998553199,-0.6,16,16,0.2,0.3,0.1,0.1,0.5
882,-16,-0.99,-16,-0.1,-0.2,-0.99,1998553256,-0.6,16,16,0.2,0.3,0.1,0.2,0.2
884,-16,-0.99,-16,-0.1,-0.2,-0.99,1998553302,-0.6,16,16,0.2,0.3,0.1,0.2,0.4
886,-16,-0.99,-16,-0.1,-0.2,-0.99,1998553366,-0.6,16,16,0.2,0.3,0.1,0.3,0.1
888,-16,-0.99,-16,-0.1,-0.2,-0.99,1998553427,-0.6,16,16,0.2,0.3,0.1,0.3,0.3
890,-16,-0.99,-16,-0.1,-0.2,-0.99,1998553596,-0.6,16,16,0.2,0.3,0.1,0.3,0.5
892,-16,-0.99,-16,-0.1,-0.2,-0.99,1998553731,-0.6,16,16,0.2,0.3,0.1,0.4,0.2
894,-16,-0.99,-16,-0.1,-0.2,-0.99,1998553772,-0.6,16,16,0.2,0.3,0.1,0.4,0.4
896,-16,-0.99,-16,-0.1,-0.2,-0.99,1998553810,-0.6,16,16,0.2,0.3,0.1,0.5,0.1
898,-16,-0.99,-16,-0.1,-0.2,-0.99,1998553855,-0.6,16,16,0.2,0.3,0.1,0.5,0.3
900,-16,-0.99,-16,-0.1,-0.2,-0.99,1998553896,-0.6,16,16,0.2,0.3,0.1,0.5,0.5
902,-16,-0.99,-16,-0.1,-0.2,-0.99,1998553982,-0.6,16,16,0.2,0.4,0.1,0.1,0.2
904,-16,-0.99,-16,-0.1,-0.2,-0.99,1998554049,-0.6,16,16,0.2,0.4,0.1,0.1,0.4
906,-16,-0.99,-16,-0.1,-0.2,-0.99,1998554103,-0.6,16,16,0.2,0.4,0.1,0.2,0.1
908,-16,-0.99,-16,-0.1,-0.2,-0.99,1998554182,-0.6,16,16,0.2,0.4,0.1,0.2,0.3
910,-16,-0.99,-16,-0.1,-0.2,-0.99,1998554292,-0.6,16,16,0.2,0.4,0.1,0.2,0.5
912,-16,-0.99,-16,-0.1,-0.2,-0.99,1998554377,-0.6,16,16,0.2,0.4,0.1,0.3,0.2
914,-16,-0.99,-16,-0.1,-0.2,-0.99,1998554423,-0.6,16,16,0.2,0.4,0.1,0.3,0.4
916,-16,-0.99,-16,-0.1,-0.2,-0.99,1998554472,-0.6,16,16,0.2,0.4,0.1,0.4,0.1
918,-16,-0.99,-16,-0.1,-0.2,-0.99,1998554517,-0.6,16,16,0.2,0.4,0.1,0.4,0.3
920,-16,-0.99,-16,-0.1,-0.2,-0.99,1998554584,-0.6,16,16,0.2,0.4,0.1,0.4,0.5
922,-16,-0.99,-16,-0.1,-0.2,-0.99,1998554629,-0.6,16,16,0.2,0.4,0.1,0.5,0.2
924,-16,-0.99,-16,-0.1,-0.2,-0.99,1998554687,-0.6,16,16,0.2,0.4,0.1,0.5,0.4
926,-16,-0.99,-16,-0.1,-0.2,-0.99,1998554734,-0.6,16,16,0.2,0.5,0.1,0.1,0.1
928,-16,-0.99,-16,-0.1,-0.2,-0.99,1998555191,-0.6,16,16,0.2,0.5,0.1,0.1,0.3
930,-16,-0.99,-16,-0.1,-0.2,-0.99,1998555250,-0.6,16,16,0.2,0.5,0.1,0.1,0.5
932,-16,-0.99,-16,-0.1,-0.2,-0.99,1998555322,-0.6,16,16,0.2,0.5,0.1,0.2,0.2
934,-16,-0.99,-16,-0.1,-0.2,-0.99,1998555355,-0.6,16,16,0.2,0.5,0.1,0.2,0.4
936,-16,-0.99,-16,-0.1,-0.2,-0.99,1998555413,-0.6,16,16,0.2,0.5,0.1,0.3,0.1
938,-16,-0.99,-16,-0.1,-0.2,-0.99,1998555490,-0.6,16,16,0.2,0.5,0.1,0.3,0.3
940,-16,-0.99,-16,-0.1,-0.2,-0.99,1998555547,-0.6,16,16,0.2,0.5,0.1,0.3,0.5
942,-16,-0.99,-16,-0.1,-0.2,-0.99,1998555586,-0.6,16,16,0.2,0.5,0.1,0.4,0.2
944,-16,-0.99,-16,-0.1,-0.2,-0.99,1998555639,-0.6,16,16,0.2,0.5,0.1,0.4,0.4
946,-16,-0.99,-16,-0.1,-0.2,-0.99,1998555686,-0.6,16,16,0.2,0.5,0.1,0.5,0.1
948,-16,-0.99,-16,-0.1,-0.2,-0.99,1998555723,-0.6,16,16,0.2,0.5,0.1,0.5,0.3
950,-16,-0.99,-16,-0.1,-0.2,-0.99,1998555775,-0.6,16,16,0.2,0.5,0.1,0.5,0.5
952,-16,-0.99,-16,-0.1,-0.2,-0.99,1998555817,-0.6,16,16,0.2,0.6,0.1,0.1,0.2
954,-16,-0.99,-16,-0.1,-0.2,-0.99,1998555883,-0.6,16,16,0.2,0.6,0.1,0.1,0.4
956,-16,-0.99,-16,-0.1,-0.2,-0.99,1998555966,-0.6,16,16,0.2,0.6,0.1,0.2,0.1
958,-16,-0.99,-16,-0.1,-0.2,-0.99,1998556026,-0.6,16,16,0.2,0.6,0.1,0.2,0.3
960,-16,-0.99,-16,-0.1,-0.2,-0.99,1998556070,-0.6,16,16,0.2,0.6,0.1,0.2,0.5
962,-16,-0.99,-16,-0.1,-0.2,-0.99,1998556118,-0.6,16,16,0.2,0.6,0.1,0.3,0.2
964,-16,-0.99,-16,-0.1,-0.2,-0.99,1998556164,-0.6,16,16,0.2,0.6,0.1,0.3,0.4
966,-16,-0.99,-16,-0.1,-0.2,-0.99,1998556219,-0.6,16,16,0.2,0.6,0.1,0.4,0.1
968,-16,-0.99,-16,-0.1,-0.2,-0.99,1998556274,-0.6,16,16,0.2,0.6,0.1,0.4,0.3
970,-16,-0.99,-16,-0.1,-0.2,-0.99,1998556334,-0.6,16,16,0.2,0.6,0.1,0.4,0.5
972,-16,-0.99,-16,-0.1,-0.2,-0.99,1998556372,-0.6,16,16,0.2,0.6,0.1,0.5,0.2
974,-16,-0.99,-16,-0.1,-0.2,-0.99,1998556422,-0.6,16,16,0.2,0.6,0.1,0.5,0.4
976,-16,-0.99,-16,-0.1,-0.2,-0.99,1998556461,-0.6,16,16,0.2,0.7,0.1,0.1,0.1
978,-16,-0.99,-16,-0.1,-0.2,-0.99,1998556543,-0.6,16,16,0.2,0.7,0.1,0.1,0.3
980,-16,-0.99,-16,-0.1,-0.2,-0.99,1998556619,-0.6,16,16,0.2,0.7,0.1,0.1,0.5
982,-16,-0.99,-16,-0.1,-0.2,-0.99,1998556729,-0.6,16,16,0.2,0.7,0.1,0.2,0.2
984,-16,-0.99,-16,-0.1,-0.2,-0.99,1998556812,-0.6,16,16,0.2,0.7,0.1,0.2,0.4
986,-16,-0.99,-16,-0.1,-0.2,-0.99,1998556877,-0.6,16,16,0.2,0.7,0.1,0.3,0.1
988,-16,-0.99,-16,-0.1,-0.2,-0.99,1998556923,-0.6,16,16,0.2,0.7,0.1,0.3,0.3
990,-16,-0.99,-16,-0.1,-0.2,-0.99,1998556976,-0.6,16,16,0.2,0.7,0.1,0.3,0.5
992,-16,-0.99,-16,-0.1,-0.2,-0.99,1998557025,-0.6,16,16,0.2,0.7,0.1,0.4,0.2
994,-16,-0.99,-16,-0.1,-0.2,-0.99,1998557078,-0.6,16,16,0.2,0.7,0.1,0.4,0.4
996,-16,-0.99,-16,-0.1,-0.2,-0.99,1998557118,-0.6,16,16,0.2,0.7,0.1,0.5,0.1
998,-16,-0.99,-16,-0.1,-0.2,-0.99,1998557188,-0.6,16,16,0.2,0.7,0.1,0.5,0.3
1000,-16,-0.99,-16,-0.1,-0.2,-0.99,1998557227,-0.6,16,16,0.2,0.7,0.1,0.5,0.5
1002,-16,-0.99,-16,-0.1,-0.2,-0.99,1998557292,-0.6,16,16,0.2,0.3,0.1,0.1,0.2
1004,-16,-0.99,-16,-0.1,-0.2,-0.99,1998557338,-0.6,16,16,0.2,0.3,0.1,0.1,0.4
1006,-16,-0.99,-16,-0.1,-0.2,-0.99,1998557384,-0.6,16,16,0.2,0.3,0.1,0.2,0.1
1008,-16,-0.99,-16,-0.1,-0.2,-0.99,1998557511,-0.6,16,16,0.2,0.3,0.1,0.2,0.3
1010,-16,-0.99,-16,-0.1,-0.2,-0.99,1998557614,-0.6,16,16,0.2,0.3,0.1,0.2,0.5
1012,-16,-0.99,-16,-0.1,-0.2,-0.99,1998557676,-0.6,16,16,0.2,0.3,0.1,0.3,0.2
1014,-16,-0.99,-16,-0.1,-0.2,-0.99,1998557711,-0.6,16,16,0.2,0.3,0.1,0.3,0.4
1016,-16,-0.99,-16,-0.1,-0.2,-0.99,1998557753,-0.6,16,16,0.2,0.3,0.1,0.4,0.1
1018,-16,-0.99,-16,-0.1,-0.2,-0.99,1998557794,-0.6,16,16,0.2,0.3,0.1,0.4,0.3
1020,-16,-0.99,-16,-0.1,-0.2,-0.99,1998557834,-0.6,16,16,0.2,0.3,0.1,0.4,0.5
1022,-16,-0.99,-16,-0.1,-0.2,-0.99,1998557887,-0.6,16,16,0.2,0.3,0.1,0.5,0.2
1024,-16,-0.99,-16,-0.1,-0.2,-0.99,1998557960,-0.6,16,16,0.2,0.3,0.1,0.5,0.4
1026,-16,-0.99,-16,-0.1,-0.2,-0.99,1998558021,-0.6,16,16,0.2,0.4,0.1,0.1,0.1
1028,-16,-0.99,-16,-0.1,-0.2,-0.99,1998558065,-0.6,16,16,0.2,0.4,0.1,0.1,0.3
1030,-16,-0.99,-16,-0.1,-0.2,-0.99,1998558103,-0.6,16,16,0.2,0.4,0.1,0.1,0.5
1032,-16,-0.99,-16,-0.1,-0.2,-0.99,1998558184,-0.6,16,16,0.2,0.4,0.1,0.2,0.2
1034,-16,-0.99,-16,-0.1,-0.2,-0.99,1998558244,-0.6,16,16,0.2,0.4,0.1,0.2,0.4
1036,-16,-0.99,-16,-0.1,-0.2,-0.99,1998558315,-0.6,16,16,0.2,0.4,0.1,0.3,0.1
1038,-16,-0.99,-16,-0.1,-0.2,-0.99,1998558379,-0.6,16,16,0.2,0.4,0.1,0.3,0.3
1040,-16,-0.99,-16,-0.1,-0.2,-0.99,1998558437,-0.6,16,16,0.2,0.4,0.1,0.3,0.5
1042,-16,-0.99,-16,-0.1,-0.2,-0.99,1998558529,-0.6,16,16,0.2,0.4,0.1,0.4,0.2
1044,-16,-0.99,-16,-0.1,-0.2,-0.99,1998558585,-0.6,16,16,0.2,0.4,0.1,0.4,0.4
1046,-16,-0.99,-16,-0.1,-0.2,-0.99,1998558627,-0.6,16,16,0.2,0.4,0.1,0.5,0.1
1048,-16,-0.99,-16,-0.1,-0.2,-0.99,1998558677,-0.6,16,16,0.2,0.4,0.1,0.5,0.3
1050,-16,-0.99,-16,-0.1,-0.2,-0.99,1998558709,-0.6,16,16,0.2,0.4,0.1,0.5,0.5
1052,-16,-0.99,-16,-0.1,-0.2,-0.99,1998558764,-0.6,16,16,0.2,0.5,0.1,0.1,0.2
1054,-16,-0.99,-16,-0.1,-0.2,-0.99,1998558799,-0.6,16,16,0.2,0.5,0.1,0.1,0.4
1056,-16,-0.99,-16,-0.1,-0.2,-0.99,1998558857,-0.6,16,16,0.2,0.5,0.1,0.2,0.1
1058,-16,-0.99,-16,-0.1,-0.2,-0.99,1998558935,-0.6,16,16,0.2,0.5,0.1,0.2,0.3
1060,-16,-0.99,-16,-0.1,-0.2,-0.99,1998558985,-0.6,16,16,0.2,0.5,0.1,0.2,0.5
1062,-16,-0.99,-16,-0.1,-0.2,-0.99,1998559025,-0.6,16,16,0.2,0.5,0.1,0.3,0.2
1064,-16,-0.99,-16,-0.1,-0.2,-0.99,1998559068,-0.6,16,16,0.2,0.5,0.1,0.3,0.4
1066,-16,-0.99,-16,-0.1,-0.2,-0.99,1998559104,-0.6,16,16,0.2,0.5,0.1,0.4,0.1
1068,-16,-0.99,-16,-0.1,-0.2,-0.99,1998559142,-0.6,16,16,0.2,0.5,0.1,0.4,0.3
1070,-16,-0.99,-16,-0.1,-0.2,-0.99,1998559176,-0.6,16,16,0.2,0.5,0.1,0.4,0.5
1072,-16,-0.99,-16,-0.1,-0.2,-0.99,1998559226,-0.6,16,16,0.2,0.5,0.1,0.5,0.2
1074,-16,-0.99,-16,-0.1,-0.2,-0.99,1998559287,-0.6,16,16,0.2,0.5,0.1,0.5,0.4
1076,-16,-0.99,-16,-0.1,-0.2,-0.99,1998559339,-0.6,16,16,0.2,0.6,0.1,0.1,0.1
1078,-16,-0.99,-16,-0.1,-0.2,-0.99,1998559381,-0.6,16,16,0.2,0.6,0.1,0.1,0.3
1080,-16,-0.99,-16,-0.1,-0.2,-0.99,1998559430,-0.6,16,16,0.2,0.6,0.1,0.1,0.5
1082,-16,-0.99,-16,-0.1,-0.2,-0.99,1998559497,-0.6,16,16,0.2,0.6,0.1,0.2,0.2
1084,-16,-0.99,-16,-0.1,-0.2,-0.99,1998559561,-0.6,16,16,0.2,0.6,0.1,0.2,0.4
1086,-16,-0.99,-16,-0.1,-0.2,-0.99,1998559603,-0.6,16,16,0.2,0.6,0.1,0.3,0.1
1088,-16,-0.99,-16,-0.1,-0.2,-0.99,1998559653,-0.6,16,16,0.2,0.6,0.1,0.3,0.3
1090,-16,-0.99,-16,-0.1,-0.2,-0.99,1998559713,-0.6,16,16,0.2,0.6,0.1,0.3,0.5
1092,-16,-0.99,-16,-0.1,-0.2,-0.99,1998559750,-0.6,16,16,0.2,0.6,0.1,0.4,0.2
1094,-16,-0.99,-16,-0.1,-0.2,-0.99,1998559794,-0.6,16,16,0.2,0.6,0.1,0.4,0.4
1096,-16,-0.99,-16,-0.1,-0.2,-0.99,1998559861,-0.6,16,16,0.2,0.6,0.1,0.5,0.1
1098,-16,-0.99,-16,-0.1,-0.2,-0.99,1998559905,-0.6,16,16,0.2,0.6,0.1,0.5,0.3
1100,-16,-0.99,-16,-0.1,-0.2,-0.99,1998559946,-0.6,16,16,0.2,0.6,0.1,0.5,0.5
1102,-16,-0.99,-16,-0.1,-0.2,-0.99,1998559988,-0.6,16,16,0.2,0.7,0.1,0.1,0.2
1104,-16,-0.99,-16,-0.1,-0.2,-0.99,1998560053,-0.6,16,16,0.2,0.7,0.1,0.1,0.4
1106,-16,-0.99,-16,-0.1,-0.2,-0.99,1998560103,-0.6,16,16,0.2,0.7,0.1,0.2,0.1
1108,-16,-0.99,-16,-0.1,-0.2,-0.99,1998560146,-0.6,16,16,0.2,0.7,0.1,0.2,0.3
1110,-16,-0.99,-16,-0.1,-0.2,-0.99,1998560195,-0.6,16,16,0.2,0.7,0.1,0.2,0.5
1112,-16,-0.99,-16,-0.1,-0.2,-0.99,1998560253,-0.6,16,16,0.2,0.7,0.1,0.3,0.2
1114,-16,-0.99,-16,-0.1,-0.2,-0.99,1998560306,-0.6,16,16,0.2,0.7,0.1,0.3,0.4
1116,-16,-0.99,-16,-0.1,-0.2,-0.99,1998560396,-0.6,16,16,0.2,0.7,0.1,0.4,0.1
1118,-16,-0.99,-16,-0.1,-0.2,-0.99,1998560442,-0.6,16,16,0.2,0.7,0.1,0.4,0.3
1120,-16,-0.99,-16,-0.1,-0.2,-0.99,1998560497,-0.6,16,16,0.2,0.7,0.1,0.4,0.5
1122,-16,-0.99,-16,-0.1,-0.2,-0.99,1998560550,-0.6,16,16,0.2,0.7,0.1,0.5,0.2
1124,-16,-0.99,-16,-0.1,-0.2,-0.99,1998560607,-0.6,16,16,0.2,0.7,0.1,0.5,0.4
1126,-16,-0.99,-16,-0.1,-0.2,-0.99,1998560644,-0.6,16,16,0.2,0.3,0.1,0.1,0.1
1128,-16,-0.99,-16,-0.1,-0.2,-0.99,1998560696,-0.6,16,16,0.2,0.3,0.1,0.1,0.3
1130,-16,-0.99,-16,-0.1,-0.2,-0.99,1998560746,-0.6,16,16,0.2,0.3,0.1,0.1,0.5
1132,-16,-0.99,-16,-0.1,-0.2,-0.99,1998560781,-0.6,16,16,0.2,0.3,0.1,0.2,0.2
1134,-16,-0.99,-16,-0.1,-0.2,-0.99,1998560829,-0.6,16,16,0.2,0.3,0.1,0.2,0.4
1136,-16,-0.99,-16,-0.1,-0.2,-0.99,1998560987,-0.6,16,16,0.2,0.3,0.1,0.3,0.1
1138,-16,-0.99,-16,-0.1,-0.2,-0.99,1998561080,-0.6,16,16,0.2,0.3,0.1,0.3,0.3
1140,-16,-0.99,-16,-0.1,-0.2,-0.99,1998561127,-0.6,16,16,0.2,0.3,0.1,0.3,0.5
1142,-16,-0.99,-16,-0.1,-0.2,-0.99,1998561185,-0.6,16,16,0.2,0.3,0.1,0.4,0.2
1144,-16,-0.99,-16,-0.1,-0.2,-0.99,1998561273,-0.6,16,16,0.2,0.3,0.1,0.4,0.4
1146,-16,-0.99,-16,-0.1,-0.2,-0.99,1998561324,-0.6,16,16,0.2,0.3,0.1,0.5,0.1
1148,-16,-0.99,-16,-0.1,-0.2,-0.99,1998561369,-0.6,16,16,0.2,0.3,0.1,0.5,0.3
1150,-16,-0.99,-16,-0.1,-0.2,-0.99,1998561420,-0.6,16,16,0.2,0.3,0.1,0.5,0.5
1152,-16,-0.99,-16,-0.1,-0.2,-0.99,1998561453,-0.6,16,16,0.2,0.4,0.1,0.1,0.2
1154,-16,-0.99,-16,-0.1,-0.2,-0.99,1998561508,-0.6,16,16,0.2,0.4,0.1,0.1,0.4
1156,-16,-0.99,-16,-0.1,-0.2,-0.99,1998561550,-0.6,16,16,0.2,0.4,0.1,0.2,0.1
1158,-16,-0.99,-16,-0.1,-0.2,-0.99,1998561592,-0.6,16,16,0.2,0.4,0.1,0.2,0.3
1160,-16,-0.99,-16,-0.1,-0.2,-0.99,1998561679,-0.6,16,16,0.2,0.4,0.1,0.2,0.5
1162,-16,-0.99,-16,-0.1,-0.2,-0.99,1998561738,-0.6,16,16,0.2,0.4,0.1,0.3,0.2
1164,-16,-0.99,-16,-0.1,-0.2,-0.99,1998561786,-0.6,16,16,0.2,0.4,0.1,0.3,0.4
1166,-16,-0.99,-16,-0.1,-0.2,-0.99,1998561831,-0.6,16,16,0.2,0.4,0.1,0.4,0.1
1168,-16,-0.99,-16,-0.1,-0.2,-0.99,1998561879,-0.6,16,16,0.2,0.4,0.1,0.4,0.3
1170,-16,-0.99,-16,-0.1,-0.2,-0.99,1998561927,-0.6,16,16,0.2,0.4,0.1,0.4,0.5
1172,-16,-0.99,-16,-0.1,-0.2,-0.99,1998561970,-0.6,16,16,0.2,0.4,0.1,0.5,0.2
1174,-16,-0.99,-16,-0.1,-0.2,-0.99,1998562018,-0.6,16,16,0.2,0.4,0.1,0.5,0.4
1176,-16,-0.99,-16,-0.1,-0.2,-0.99,1998562092,-0.6,16,16,0.2,0.5,0.1,0.1,0.1
1178,-16,-0.99,-16,-0.1,-0.2,-0.99,1998562156,-0.6,16,16,0.2,0.5,0.1,0.1,0.3
1180,-16,-0.99,-16,-0.1,-0.2,-0.99,1998562197,-0.6,16,16,0.2,0.5,0.1,0.1,0.5
1182,-16,-0.99,-16,-0.1,-0.2,-0.99,1998562235,-0.6,16,16,0.2,0.5,0.1,0.2,0.2
1184,-16,-0.99,-16,-0.1,-0.2,-0.99,1998562287,-0.6,16,16,0.2,0.5,0.1,0.2,0.4
1186,-16,-0.99,-16,-0.1,-0.2,-0.99,1998562325,-0.6,16,16,0.2,0.5,0.1,0.3,0.1
1188,-16,-0.99,-16,-0.1,-0.2,-0.99,1998562372,-0.6,16,16,0.2,0.5,0.1,0.3,0.3
1190,-16,-0.99,-16,-0.1,-0.2,-0.99,1998562425,-0.6,16,16,0.2,0.5,0.1,0.3,0.5
1192,-16,-0.99,-16,-0.1,-0.2,-0.99,1998562471,-0.6,16,16,0.2,0.5,0.1,0.4,0.2
1194,-16,-0.99,-16,-0.1,-0.2,-0.99,1998562515,-0.6,16,16,0.2,0.5,0.1,0.4,0.4
1196,-16,-0.99,-16,-0.1,-0.2,-0.99,1998562551,-0.6,16,16,0.2,0.5,0.1,0.5,0.1
1198,-16,-0.99,-16,-0.1,-0.2,-0.99,1998562595,-0.6,16,16,0.2,0.5,0.1,0.5,0.3
1200,-16,-0.99,-16,-0.1,-0.2,-0.99,1998562637,-0.6,16,16,0.2,0.5,0.1,0.5,0.5
1202,-16,-0.99,-16,-0.1,-0.2,-0.99,1998562676,-0.6,16,16,0.2,0.6,0.1,0.1,0.2
1204,-16,-0.99,-16,-0.1,-0.2,-0.99,1998562720,-0.6,16,16,0.2,0.6,0.1,0.1,0.4
1206,-16,-0.99,-16,-0.1,-0.2,-0.99,1998562755,-0.6,16,16,0.2,0.6,0.1,0.2,0.1
1208,-16,-0.99,-16,-0.1,-0.2,-0.99,1998562792,-0.6,16,16,0.2,0.6,0.1,0.2,0.3
1210,-16,-0.99,-16,-0.1,-0.2,-0.99,1998562827,-0.6,16,16,0.2,0.6,0.1,0.2,0.5
1212,-16,-0.99,-16,-0.1,-0.2,-0.99,1998562863,-0.6,16,16,0.2,0.6,0.1,0.3,0.2
1214,-16,-0.99,-16,-0.1,-0.2,-0.99,1998562917,-0.6,16,16,0.2,0.6,0.1,0.3,0.4
1216,-16,-0.99,-16,-0.1,-0.2,-0.99,1998562966,-0.6,16,16,0.2,0.6,0.1,0.4,0.1
1218,-16,-0.99,-16,-0.1,-0.2,-0.99,1998563020,-0.6,16,16,0.2,0.6,0.1,0.4,0.3
1220,-16,-0.99,-16,-0.1,-0.2,-0.99,1998563100,-0.6,16,16,0.2,0.6,0.1,0.4,0.5
1222,-16,-0.99,-16,-0.1,-0.2,-0.99,1998563186,-0.6,16,16,0.2,0.6,0.1,0.5,0.2
1224,-16,-0.99,-16,-0.1,-0.2,-0.99,1998563244,-0.6,16,16,0.2,0.6,0.1,0.5,0.4
1226,-16,-0.99,-16,-0.1,-0.2,-0.99,1998563308,-0.6,16,16,0.2,0.7,0.1,0.1,0.1
1228,-16,-0.99,-16,-0.1,-0.2,-0.99,1998563378,-0.6,16,16,0.2,0.7,0.1,0.1,0.3
1230,-16,-0.99,-16,-0.1,-0.2,-0.99,1998563446,-0.6,16,16,0.2,0.7,0.1,0.1,0.5
1232,-16,-0.99,-16,-0.1,-0.2,-0.99,1998563515,-0.6,16,16,0.2,0.7,0.1,0.2,0.2
1234,-16,-0.99,-16,-0.1,-0.2,-0.99,1998563569,-0.6,16,16,0.2,0.7,0.1,0.2,0.4
1236,-16,-0.99,-16,-0.1,-0.2,-0.99,1998563680,-0.6,16,16,0.2,0.7,0.1,0.3,0.1
1238,-16,-0.99,-16,-0.1,-0.2,-0.99,1998563811,-0.6,16,16,0.2,0.7,0.1,0.3,0.3
1240,-16,-0.99,-16,-0.1,-0.2,-0.99,1998563924,-0.6,16,16,0.2,0.7,0.1,0.3,0.5
1242,-16,-0.99,-16,-0.1,-0.2,-0.99,1998563966,-0.6,16,16,0.2,0.7,0.1,0.4,0.2
1244,-16,-0.99,-16,-0.1,-0.2,-0.99,1998564028,-0.6,16,16,0.2,0.7,0.1,0.4,0.4
1246,-16,-0.99,-16,-0.1,-0.2,-0.99,1998564075,-0.6,16,16,0.2,0.7,0.1,0.5,0.1
1248,-16,-0.99,-16,-0.1,-0.2,-0.99,1998564114,-0.6,16,16,0.2,0.7,0.1,0.5,0.3
1250,-16,-0.99,-16,-0.1,-0.2,-0.99,1998564160,-0.6,16,16,0.2,0.7,0.1,0.5,0.5
