"run","default_observer_minPycor","DI_f_2","default_observer_minPxcor","DO_f_3","DO_f_2","DI_doublefail","randomSeed","DO_doublefail","default_observer_maxPycor","default_observer_maxPxcor","DI_s_3","DI_s_2","DI_f_3","DO_s_3","DO_s_2"
1,-16,-0.99,-16,-0.1,-0.2,-0.99,1996722136,-0.6,16,16,0.2,0.1,0.1,0.1,0.1
3,-16,-0.99,-16,-0.1,-0.2,-0.99,1996724541,-0.6,16,16,0.2,0.1,0.1,0.1,0.3
5,-16,-0.99,-16,-0.1,-0.2,-0.99,1996724905,-0.6,16,16,0.2,0.1,0.1,0.1,0.5
7,-16,-0.99,-16,-0.1,-0.2,-0.99,1996726208,-0.6,16,16,0.2,0.1,0.1,0.1,0.7
9,-16,-0.99,-16,-0.1,-0.2,-0.99,1996726674,-0.6,16,16,0.2,0.1,0.1,0.1,0.9
11,-16,-0.99,-16,-0.1,-0.2,-0.99,1996727399,-0.6,16,16,0.2,0.1,0.1,0.2,0.2
13,-16,-0.99,-16,-0.1,-0.2,-0.99,1996727646,-0.6,16,16,0.2,0.1,0.1,0.2,0.4
15,-16,-0.99,-16,-0.1,-0.2,-0.99,1996728041,-0.6,16,16,0.2,0.1,0.1,0.2,0.6
17,-16,-0.99,-16,-0.1,-0.2,-0.99,1996728173,-0.6,16,16,0.2,0.1,0.1,0.2,0.8
19,-16,-0.99,-16,-0.1,-0.2,-0.99,1996728379,-0.6,16,16,0.2,0.1,0.1,0.3,0.1
21,-16,-0.99,-16,-0.1,-0.2,-0.99,1996728473,-0.6,16,16,0.2,0.1,0.1,0.3,0.3
23,-16,-0.99,-16,-0.1,-0.2,-0.99,1996728607,-0.6,16,16,0.2,0.1,0.1,0.3,0.5
25,-16,-0.99,-16,-0.1,-0.2,-0.99,1996728853,-0.6,16,16,0.2,0.1,0.1,0.3,0.7
27,-16,-0.99,-16,-0.1,-0.2,-0.99,1996729087,-0.6,16,16,0.2,0.1,0.1,0.3,0.9
29,-16,-0.99,-16,-0.1,-0.2,-0.99,1996729192,-0.6,16,16,0.2,0.1,0.1,0.4,0.2
31,-16,-0.99,-16,-0.1,-0.2,-0.99,1996729349,-0.6,16,16,0.2,0.1,0.1,0.4,0.4
33,-16,-0.99,-16,-0.1,-0.2,-0.99,1996729489,-0.6,16,16,0.2,0.1,0.1,0.4,0.6
35,-16,-0.99,-16,-0.1,-0.2,-0.99,1996729608,-0.6,16,16,0.2,0.1,0.1,0.4,0.8
37,-16,-0.99,-16,-0.1,-0.2,-0.99,1996729664,-0.6,16,16,0.2,0.1,0.1,0.5,0.1
39,-16,-0.99,-16,-0.1,-0.2,-0.99,1996729772,-0.6,16,16,0.2,0.1,0.1,0.5,0.3
41,-16,-0.99,-16,-0.1,-0.2,-0.99,1996729854,-0.6,16,16,0.2,0.1,0.1,0.5,0.5
43,-16,-0.99,-16,-0.1,-0.2,-0.99,1996729916,-0.6,16,16,0.2,0.1,0.1,0.5,0.7
45,-16,-0.99,-16,-0.1,-0.2,-0.99,1996730008,-0.6,16,16,0.2,0.1,0.1,0.5,0.9
47,-16,-0.99,-16,-0.1,-0.2,-0.99,1996730106,-0.6,16,16,0.2,0.1,0.1,0.6,0.2
49,-16,-0.99,-16,-0.1,-0.2,-0.99,1996730255,-0.6,16,16,0.2,0.1,0.1,0.6,0.4
51,-16,-0.99,-16,-0.1,-0.2,-0.99,1996730368,-0.6,16,16,0.2,0.1,0.1,0.6,0.6
53,-16,-0.99,-16,-0.1,-0.2,-0.99,1996730456,-0.6,16,16,0.2,0.1,0.1,0.6,0.8
55,-16,-0.99,-16,-0.1,-0.2,-0.99,1996730577,-0.6,16,16,0.2,0.1,0.1,0.7,0.1
57,-16,-0.99,-16,-0.1,-0.2,-0.99,1996730718,-0.6,16,16,0.2,0.1,0.1,0.7,0.3
59,-16,-0.99,-16,-0.1,-0.2,-0.99,1996730850,-0.6,16,16,0.2,0.1,0.1,0.7,0.5
61,-16,-0.99,-16,-0.1,-0.2,-0.99,1996730924,-0.6,16,16,0.2,0.1,0.1,0.7,0.7
63,-16,-0.99,-16,-0.1,-0.2,-0.99,1996730981,-0.6,16,16,0.2,0.1,0.1,0.7,0.9
65,-16,-0.99,-16,-0.1,-0.2,-0.99,1996731086,-0.6,16,16,0.2,0.1,0.1,0.8,0.2
67,-16,-0.99,-16,-0.1,-0.2,-0.99,1996731133,-0.6,16,16,0.2,0.1,0.1,0.8,0.4
69,-16,-0.99,-16,-0.1,-0.2,-0.99,1996731196,-0.6,16,16,0.2,0.1,0.1,0.8,0.6
71,-16,-0.99,-16,-0.1,-0.2,-0.99,1996731309,-0.6,16,16,0.2,0.1,0.1,0.8,0.8
73,-16,-0.99,-16,-0.1,-0.2,-0.99,1996731374,-0.6,16,16,0.2,0.1,0.1,0.9,0.1
75,-16,-0.99,-16,-0.1,-0.2,-0.99,1996731426,-0.6,16,16,0.2,0.1,0.1,0.9,0.3
77,-16,-0.99,-16,-0.1,-0.2,-0.99,1996731518,-0.6,16,16,0.2,0.1,0.1,0.9,0.5
79,-16,-0.99,-16,-0.1,-0.2,-0.99,1996731591,-0.6,16,16,0.2,0.1,0.1,0.9,0.7
81,-16,-0.99,-16,-0.1,-0.2,-0.99,1996731693,-0.6,16,16,0.2,0.1,0.1,0.9,0.9
83,-16,-0.99,-16,-0.1,-0.2,-0.99,1996731822,-0.6,16,16,0.2,0.2,0.1,0.1,0.2
85,-16,-0.99,-16,-0.1,-0.2,-0.99,1996731924,-0.6,16,16,0.2,0.2,0.1,0.1,0.4
87,-16,-0.99,-16,-0.1,-0.2,-0.99,1996732011,-0.6,16,16,0.2,0.2,0.1,0.1,0.6
89,-16,-0.99,-16,-0.1,-0.2,-0.99,1996732139,-0.6,16,16,0.2,0.2,0.1,0.1,0.8
91,-16,-0.99,-16,-0.1,-0.2,-0.99,1996732303,-0.6,16,16,0.2,0.2,0.1,0.2,0.1
93,-16,-0.99,-16,-0.1,-0.2,-0.99,1996732357,-0.6,16,16,0.2,0.2,0.1,0.2,0.3
95,-16,-0.99,-16,-0.1,-0.2,-0.99,1996732408,-0.6,16,16,0.2,0.2,0.1,0.2,0.5
97,-16,-0.99,-16,-0.1,-0.2,-0.99,1996732479,-0.6,16,16,0.2,0.2,0.1,0.2,0.7
99,-16,-0.99,-16,-0.1,-0.2,-0.99,1996732538,-0.6,16,16,0.2,0.2,0.1,0.2,0.9
101,-16,-0.99,-16,-0.1,-0.2,-0.99,1996732596,-0.6,16,16,0.2,0.2,0.1,0.3,0.2
103,-16,-0.99,-16,-0.1,-0.2,-0.99,1996732667,-0.6,16,16,0.2,0.2,0.1,0.3,0.4
105,-16,-0.99,-16,-0.1,-0.2,-0.99,1996732726,-0.6,16,16,0.2,0.2,0.1,0.3,0.6
107,-16,-0.99,-16,-0.1,-0.2,-0.99,1996732774,-0.6,16,16,0.2,0.2,0.1,0.3,0.8
109,-16,-0.99,-16,-0.1,-0.2,-0.99,1996732854,-0.6,16,16,0.2,0.2,0.1,0.4,0.1
111,-16,-0.99,-16,-0.1,-0.2,-0.99,1996732923,-0.6,16,16,0.2,0.2,0.1,0.4,0.3
113,-16,-0.99,-16,-0.1,-0.2,-0.99,1996733007,-0.6,16,16,0.2,0.2,0.1,0.4,0.5
115,-16,-0.99,-16,-0.1,-0.2,-0.99,1996733059,-0.6,16,16,0.2,0.2,0.1,0.4,0.7
117,-16,-0.99,-16,-0.1,-0.2,-0.99,1996733135,-0.6,16,16,0.2,0.2,0.1,0.4,0.9
119,-16,-0.99,-16,-0.1,-0.2,-0.99,1996733178,-0.6,16,16,0.2,0.2,0.1,0.5,0.2
121,-16,-0.99,-16,-0.1,-0.2,-0.99,1996733263,-0.6,16,16,0.2,0.2,0.1,0.5,0.4
123,-16,-0.99,-16,-0.1,-0.2,-0.99,1996733325,-0.6,16,16,0.2,0.2,0.1,0.5,0.6
125,-16,-0.99,-16,-0.1,-0.2,-0.99,1996733384,-0.6,16,16,0.2,0.2,0.1,0.5,0.8
127,-16,-0.99,-16,-0.1,-0.2,-0.99,1996733429,-0.6,16,16,0.2,0.2,0.1,0.6,0.1
129,-16,-0.99,-16,-0.1,-0.2,-0.99,1996733493,-0.6,16,16,0.2,0.2,0.1,0.6,0.3
131,-16,-0.99,-16,-0.1,-0.2,-0.99,1996733548,-0.6,16,16,0.2,0.2,0.1,0.6,0.5
133,-16,-0.99,-16,-0.1,-0.2,-0.99,1996733604,-0.6,16,16,0.2,0.2,0.1,0.6,0.7
135,-16,-0.99,-16,-0.1,-0.2,-0.99,1996733652,-0.6,16,16,0.2,0.2,0.1,0.6,0.9
137,-16,-0.99,-16,-0.1,-0.2,-0.99,1996733707,-0.6,16,16,0.2,0.2,0.1,0.7,0.2
139,-16,-0.99,-16,-0.1,-0.2,-0.99,1996733773,-0.6,16,16,0.2,0.2,0.1,0.7,0.4
141,-16,-0.99,-16,-0.1,-0.2,-0.99,1996733834,-0.6,16,16,0.2,0.2,0.1,0.7,0.6
143,-16,-0.99,-16,-0.1,-0.2,-0.99,1996733901,-0.6,16,16,0.2,0.2,0.1,0.7,0.8
145,-16,-0.99,-16,-0.1,-0.2,-0.99,1996733996,-0.6,16,16,0.2,0.2,0.1,0.8,0.1
147,-16,-0.99,-16,-0.1,-0.2,-0.99,1996734069,-0.6,16,16,0.2,0.2,0.1,0.8,0.3
149,-16,-0.99,-16,-0.1,-0.2,-0.99,1996734164,-0.6,16,16,0.2,0.2,0.1,0.8,0.5
151,-16,-0.99,-16,-0.1,-0.2,-0.99,1996734227,-0.6,16,16,0.2,0.2,0.1,0.8,0.7
153,-16,-0.99,-16,-0.1,-0.2,-0.99,1996734301,-0.6,16,16,0.2,0.2,0.1,0.8,0.9
155,-16,-0.99,-16,-0.1,-0.2,-0.99,1996734371,-0.6,16,16,0.2,0.2,0.1,0.9,0.2
157,-16,-0.99,-16,-0.1,-0.2,-0.99,1996734434,-0.6,16,16,0.2,0.2,0.1,0.9,0.4
159,-16,-0.99,-16,-0.1,-0.2,-0.99,1996734530,-0.6,16,16,0.2,0.2,0.1,0.9,0.6
161,-16,-0.99,-16,-0.1,-0.2,-0.99,1996734646,-0.6,16,16,0.2,0.2,0.1,0.9,0.8
163,-16,-0.99,-16,-0.1,-0.2,-0.99,1996734690,-0.6,16,16,0.2,0.3,0.1,0.1,0.1
165,-16,-0.99,-16,-0.1,-0.2,-0.99,1996734730,-0.6,16,16,0.2,0.3,0.1,0.1,0.3
167,-16,-0.99,-16,-0.1,-0.2,-0.99,1996734785,-0.6,16,16,0.2,0.3,0.1,0.1,0.5
169,-16,-0.99,-16,-0.1,-0.2,-0.99,1996734852,-0.6,16,16,0.2,0.3,0.1,0.1,0.7
171,-16,-0.99,-16,-0.1,-0.2,-0.99,1996734925,-0.6,16,16,0.2,0.3,0.1,0.1,0.9
173,-16,-0.99,-16,-0.1,-0.2,-0.99,1996734973,-0.6,16,16,0.2,0.3,0.1,0.2,0.2
175,-16,-0.99,-16,-0.1,-0.2,-0.99,1996735092,-0.6,16,16,0.2,0.3,0.1,0.2,0.4
177,-16,-0.99,-16,-0.1,-0.2,-0.99,1996735162,-0.6,16,16,0.2,0.3,0.1,0.2,0.6
179,-16,-0.99,-16,-0.1,-0.2,-0.99,1996735210,-0.6,16,16,0.2,0.3,0.1,0.2,0.8
181,-16,-0.99,-16,-0.1,-0.2,-0.99,1996735253,-0.6,16,16,0.2,0.3,0.1,0.3,0.1
183,-16,-0.99,-16,-0.1,-0.2,-0.99,1996735365,-0.6,16,16,0.2,0.3,0.1,0.3,0.3
185,-16,-0.99,-16,-0.1,-0.2,-0.99,1996735411,-0.6,16,16,0.2,0.3,0.1,0.3,0.5
187,-16,-0.99,-16,-0.1,-0.2,-0.99,1996735477,-0.6,16,16,0.2,0.3,0.1,0.3,0.7
189,-16,-0.99,-16,-0.1,-0.2,-0.99,1996735550,-0.6,16,16,0.2,0.3,0.1,0.3,0.9
191,-16,-0.99,-16,-0.1,-0.2,-0.99,1996735592,-0.6,16,16,0.2,0.3,0.1,0.4,0.2
193,-16,-0.99,-16,-0.1,-0.2,-0.99,1996735645,-0.6,16,16,0.2,0.3,0.1,0.4,0.4
195,-16,-0.99,-16,-0.1,-0.2,-0.99,1996735740,-0.6,16,16,0.2,0.3,0.1,0.4,0.6
197,-16,-0.99,-16,-0.1,-0.2,-0.99,1996735872,-0.6,16,16,0.2,0.3,0.1,0.4,0.8
199,-16,-0.99,-16,-0.1,-0.2,-0.99,1996735935,-0.6,16,16,0.2,0.3,0.1,0.5,0.1
201,-16,-0.99,-16,-0.1,-0.2,-0.99,1996736110,-0.6,16,16,0.2,0.3,0.1,0.5,0.3
203,-16,-0.99,-16,-0.1,-0.2,-0.99,1996736321,-0.6,16,16,0.2,0.3,0.1,0.5,0.5
205,-16,-0.99,-16,-0.1,-0.2,-0.99,1996736366,-0.6,16,16,0.2,0.3,0.1,0.5,0.7
207,-16,-0.99,-16,-0.1,-0.2,-0.99,1996736426,-0.6,16,16,0.2,0.3,0.1,0.5,0.9
209,-16,-0.99,-16,-0.1,-0.2,-0.99,1996736520,-0.6,16,16,0.2,0.3,0.1,0.6,0.2
211,-16,-0.99,-16,-0.1,-0.2,-0.99,1996736577,-0.6,16,16,0.2,0.3,0.1,0.6,0.4
213,-16,-0.99,-16,-0.1,-0.2,-0.99,1996736617,-0.6,16,16,0.2,0.3,0.1,0.6,0.6
215,-16,-0.99,-16,-0.1,-0.2,-0.99,1996736688,-0.6,16,16,0.2,0.3,0.1,0.6,0.8
217,-16,-0.99,-16,-0.1,-0.2,-0.99,1996736784,-0.6,16,16,0.2,0.3,0.1,0.7,0.1
219,-16,-0.99,-16,-0.1,-0.2,-0.99,1996736827,-0.6,16,16,0.2,0.3,0.1,0.7,0.3
221,-16,-0.99,-16,-0.1,-0.2,-0.99,1996736881,-0.6,16,16,0.2,0.3,0.1,0.7,0.5
223,-16,-0.99,-16,-0.1,-0.2,-0.99,1996736978,-0.6,16,16,0.2,0.3,0.1,0.7,0.7
225,-16,-0.99,-16,-0.1,-0.2,-0.99,1996737064,-0.6,16,16,0.2,0.3,0.1,0.7,0.9
227,-16,-0.99,-16,-0.1,-0.2,-0.99,1996737130,-0.6,16,16,0.2,0.3,0.1,0.8,0.2
229,-16,-0.99,-16,-0.1,-0.2,-0.99,1996737284,-0.6,16,16,0.2,0.3,0.1,0.8,0.4
231,-16,-0.99,-16,-0.1,-0.2,-0.99,1996737342,-0.6,16,16,0.2,0.3,0.1,0.8,0.6
233,-16,-0.99,-16,-0.1,-0.2,-0.99,1996737440,-0.6,16,16,0.2,0.3,0.1,0.8,0.8
235,-16,-0.99,-16,-0.1,-0.2,-0.99,1996737496,-0.6,16,16,0.2,0.3,0.1,0.9,0.1
237,-16,-0.99,-16,-0.1,-0.2,-0.99,1996737560,-0.6,16,16,0.2,0.3,0.1,0.9,0.3
239,-16,-0.99,-16,-0.1,-0.2,-0.99,1996737635,-0.6,16,16,0.2,0.3,0.1,0.9,0.5
241,-16,-0.99,-16,-0.1,-0.2,-0.99,1996737699,-0.6,16,16,0.2,0.3,0.1,0.9,0.7
243,-16,-0.99,-16,-0.1,-0.2,-0.99,1996737749,-0.6,16,16,0.2,0.3,0.1,0.9,0.9
245,-16,-0.99,-16,-0.1,-0.2,-0.99,1996737832,-0.6,16,16,0.2,0.4,0.1,0.1,0.2
247,-16,-0.99,-16,-0.1,-0.2,-0.99,1996737875,-0.6,16,16,0.2,0.4,0.1,0.1,0.4
249,-16,-0.99,-16,-0.1,-0.2,-0.99,1996737923,-0.6,16,16,0.2,0.4,0.1,0.1,0.6
251,-16,-0.99,-16,-0.1,-0.2,-0.99,1996737996,-0.6,16,16,0.2,0.4,0.1,0.1,0.8
253,-16,-0.99,-16,-0.1,-0.2,-0.99,1996738070,-0.6,16,16,0.2,0.4,0.1,0.2,0.1
255,-16,-0.99,-16,-0.1,-0.2,-0.99,1996738180,-0.6,16,16,0.2,0.4,0.1,0.2,0.3
257,-16,-0.99,-16,-0.1,-0.2,-0.99,1996738244,-0.6,16,16,0.2,0.4,0.1,0.2,0.5
259,-16,-0.99,-16,-0.1,-0.2,-0.99,1996738296,-0.6,16,16,0.2,0.4,0.1,0.2,0.7
261,-16,-0.99,-16,-0.1,-0.2,-0.99,1996738360,-0.6,16,16,0.2,0.4,0.1,0.2,0.9
263,-16,-0.99,-16,-0.1,-0.2,-0.99,1996738403,-0.6,16,16,0.2,0.4,0.1,0.3,0.2
265,-16,-0.99,-16,-0.1,-0.2,-0.99,1996738487,-0.6,16,16,0.2,0.4,0.1,0.3,0.4
267,-16,-0.99,-16,-0.1,-0.2,-0.99,1996738573,-0.6,16,16,0.2,0.4,0.1,0.3,0.6
269,-16,-0.99,-16,-0.1,-0.2,-0.99,1996738656,-0.6,16,16,0.2,0.4,0.1,0.3,0.8
271,-16,-0.99,-16,-0.1,-0.2,-0.99,1996738760,-0.6,16,16,0.2,0.4,0.1,0.4,0.1
273,-16,-0.99,-16,-0.1,-0.2,-0.99,1996738853,-0.6,16,16,0.2,0.4,0.1,0.4,0.3
275,-16,-0.99,-16,-0.1,-0.2,-0.99,1996738910,-0.6,16,16,0.2,0.4,0.1,0.4,0.5
277,-16,-0.99,-16,-0.1,-0.2,-0.99,1996738995,-0.6,16,16,0.2,0.4,0.1,0.4,0.7
279,-16,-0.99,-16,-0.1,-0.2,-0.99,1996739424,-0.6,16,16,0.2,0.4,0.1,0.4,0.9
281,-16,-0.99,-16,-0.1,-0.2,-0.99,1996739491,-0.6,16,16,0.2,0.4,0.1,0.5,0.2
283,-16,-0.99,-16,-0.1,-0.2,-0.99,1996739542,-0.6,16,16,0.2,0.4,0.1,0.5,0.4
285,-16,-0.99,-16,-0.1,-0.2,-0.99,1996739601,-0.6,16,16,0.2,0.4,0.1,0.5,0.6
287,-16,-0.99,-16,-0.1,-0.2,-0.99,1996739649,-0.6,16,16,0.2,0.4,0.1,0.5,0.8
289,-16,-0.99,-16,-0.1,-0.2,-0.99,1996739703,-0.6,16,16,0.2,0.4,0.1,0.6,0.1
291,-16,-0.99,-16,-0.1,-0.2,-0.99,1996739759,-0.6,16,16,0.2,0.4,0.1,0.6,0.3
293,-16,-0.99,-16,-0.1,-0.2,-0.99,1996739814,-0.6,16,16,0.2,0.4,0.1,0.6,0.5
295,-16,-0.99,-16,-0.1,-0.2,-0.99,1996739870,-0.6,16,16,0.2,0.4,0.1,0.6,0.7
297,-16,-0.99,-16,-0.1,-0.2,-0.99,1996739940,-0.6,16,16,0.2,0.4,0.1,0.6,0.9
299,-16,-0.99,-16,-0.1,-0.2,-0.99,1996740001,-0.6,16,16,0.2,0.4,0.1,0.7,0.2
301,-16,-0.99,-16,-0.1,-0.2,-0.99,1996740041,-0.6,16,16,0.2,0.4,0.1,0.7,0.4
303,-16,-0.99,-16,-0.1,-0.2,-0.99,1996740093,-0.6,16,16,0.2,0.4,0.1,0.7,0.6
305,-16,-0.99,-16,-0.1,-0.2,-0.99,1996740140,-0.6,16,16,0.2,0.4,0.1,0.7,0.8
307,-16,-0.99,-16,-0.1,-0.2,-0.99,1996740185,-0.6,16,16,0.2,0.4,0.1,0.8,0.1
309,-16,-0.99,-16,-0.1,-0.2,-0.99,1996740227,-0.6,16,16,0.2,0.4,0.1,0.8,0.3
311,-16,-0.99,-16,-0.1,-0.2,-0.99,1996740272,-0.6,16,16,0.2,0.4,0.1,0.8,0.5
313,-16,-0.99,-16,-0.1,-0.2,-0.99,1996740307,-0.6,16,16,0.2,0.4,0.1,0.8,0.7
315,-16,-0.99,-16,-0.1,-0.2,-0.99,1996740342,-0.6,16,16,0.2,0.4,0.1,0.8,0.9
317,-16,-0.99,-16,-0.1,-0.2,-0.99,1996740410,-0.6,16,16,0.2,0.4,0.1,0.9,0.2
319,-16,-0.99,-16,-0.1,-0.2,-0.99,1996740463,-0.6,16,16,0.2,0.4,0.1,0.9,0.4
321,-16,-0.99,-16,-0.1,-0.2,-0.99,1996740504,-0.6,16,16,0.2,0.4,0.1,0.9,0.6
323,-16,-0.99,-16,-0.1,-0.2,-0.99,1996740547,-0.6,16,16,0.2,0.4,0.1,0.9,0.8
325,-16,-0.99,-16,-0.1,-0.2,-0.99,1996740610,-0.6,16,16,0.2,0.5,0.1,0.1,0.1
327,-16,-0.99,-16,-0.1,-0.2,-0.99,1996740685,-0.6,16,16,0.2,0.5,0.1,0.1,0.3
329,-16,-0.99,-16,-0.1,-0.2,-0.99,1996740776,-0.6,16,16,0.2,0.5,0.1,0.1,0.5
331,-16,-0.99,-16,-0.1,-0.2,-0.99,1996741365,-0.6,16,16,0.2,0.5,0.1,0.1,0.7
333,-16,-0.99,-16,-0.1,-0.2,-0.99,1996741505,-0.6,16,16,0.2,0.5,0.1,0.1,0.9
335,-16,-0.99,-16,-0.1,-0.2,-0.99,1996741649,-0.6,16,16,0.2,0.5,0.1,0.2,0.2
337,-16,-0.99,-16,-0.1,-0.2,-0.99,1996741762,-0.6,16,16,0.2,0.5,0.1,0.2,0.4
339,-16,-0.99,-16,-0.1,-0.2,-0.99,1996741826,-0.6,16,16,0.2,0.5,0.1,0.2,0.6
341,-16,-0.99,-16,-0.1,-0.2,-0.99,1996741903,-0.6,16,16,0.2,0.5,0.1,0.2,0.8
343,-16,-0.99,-16,-0.1,-0.2,-0.99,1996741969,-0.6,16,16,0.2,0.5,0.1,0.3,0.1
345,-16,-0.99,-16,-0.1,-0.2,-0.99,1996742024,-0.6,16,16,0.2,0.5,0.1,0.3,0.3
347,-16,-0.99,-16,-0.1,-0.2,-0.99,1996742062,-0.6,16,16,0.2,0.5,0.1,0.3,0.5
349,-16,-0.99,-16,-0.1,-0.2,-0.99,1996742112,-0.6,16,16,0.2,0.5,0.1,0.3,0.7
351,-16,-0.99,-16,-0.1,-0.2,-0.99,1996742161,-0.6,16,16,0.2,0.5,0.1,0.3,0.9
353,-16,-0.99,-16,-0.1,-0.2,-0.99,1996742205,-0.6,16,16,0.2,0.5,0.1,0.4,0.2
355,-16,-0.99,-16,-0.1,-0.2,-0.99,1996742247,-0.6,16,16,0.2,0.5,0.1,0.4,0.4
357,-16,-0.99,-16,-0.1,-0.2,-0.99,1996742296,-0.6,16,16,0.2,0.5,0.1,0.4,0.6
359,-16,-0.99,-16,-0.1,-0.2,-0.99,1996742352,-0.6,16,16,0.2,0.5,0.1,0.4,0.8
361,-16,-0.99,-16,-0.1,-0.2,-0.99,1996742397,-0.6,16,16,0.2,0.5,0.1,0.5,0.1
363,-16,-0.99,-16,-0.1,-0.2,-0.99,1996742438,-0.6,16,16,0.2,0.5,0.1,0.5,0.3
365,-16,-0.99,-16,-0.1,-0.2,-0.99,1996742496,-0.6,16,16,0.2,0.5,0.1,0.5,0.5
367,-16,-0.99,-16,-0.1,-0.2,-0.99,1996742542,-0.6,16,16,0.2,0.5,0.1,0.5,0.7
369,-16,-0.99,-16,-0.1,-0.2,-0.99,1996742588,-0.6,16,16,0.2,0.5,0.1,0.5,0.9
371,-16,-0.99,-16,-0.1,-0.2,-0.99,1996742618,-0.6,16,16,0.2,0.5,0.1,0.6,0.2
373,-16,-0.99,-16,-0.1,-0.2,-0.99,1996742690,-0.6,16,16,0.2,0.5,0.1,0.6,0.4
375,-16,-0.99,-16,-0.1,-0.2,-0.99,1996742748,-0.6,16,16,0.2,0.5,0.1,0.6,0.6
377,-16,-0.99,-16,-0.1,-0.2,-0.99,1996742784,-0.6,16,16,0.2,0.5,0.1,0.6,0.8
379,-16,-0.99,-16,-0.1,-0.2,-0.99,1996742843,-0.6,16,16,0.2,0.5,0.1,0.7,0.1
381,-16,-0.99,-16,-0.1,-0.2,-0.99,1996742880,-0.6,16,16,0.2,0.5,0.1,0.7,0.3
383,-16,-0.99,-16,-0.1,-0.2,-0.99,1996742932,-0.6,16,16,0.2,0.5,0.1,0.7,0.5
385,-16,-0.99,-16,-0.1,-0.2,-0.99,1996742985,-0.6,16,16,0.2,0.5,0.1,0.7,0.7
387,-16,-0.99,-16,-0.1,-0.2,-0.99,1996743029,-0.6,16,16,0.2,0.5,0.1,0.7,0.9
389,-16,-0.99,-16,-0.1,-0.2,-0.99,1996743096,-0.6,16,16,0.2,0.5,0.1,0.8,0.2
391,-16,-0.99,-16,-0.1,-0.2,-0.99,1996743143,-0.6,16,16,0.2,0.5,0.1,0.8,0.4
393,-16,-0.99,-16,-0.1,-0.2,-0.99,1996743186,-0.6,16,16,0.2,0.5,0.1,0.8,0.6
395,-16,-0.99,-16,-0.1,-0.2,-0.99,1996743249,-0.6,16,16,0.2,0.5,0.1,0.8,0.8
397,-16,-0.99,-16,-0.1,-0.2,-0.99,1996743283,-0.6,16,16,0.2,0.5,0.1,0.9,0.1
399,-16,-0.99,-16,-0.1,-0.2,-0.99,1996743334,-0.6,16,16,0.2,0.5,0.1,0.9,0.3
401,-16,-0.99,-16,-0.1,-0.2,-0.99,1996743375,-0.6,16,16,0.2,0.5,0.1,0.9,0.5
403,-16,-0.99,-16,-0.1,-0.2,-0.99,1996743414,-0.6,16,16,0.2,0.5,0.1,0.9,0.7
405,-16,-0.99,-16,-0.1,-0.2,-0.99,1996743453,-0.6,16,16,0.2,0.5,0.1,0.9,0.9
407,-16,-0.99,-16,-0.1,-0.2,-0.99,1996743491,-0.6,16,16,0.2,0.6,0.1,0.1,0.2
409,-16,-0.99,-16,-0.1,-0.2,-0.99,1996743539,-0.6,16,16,0.2,0.6,0.1,0.1,0.4
411,-16,-0.99,-16,-0.1,-0.2,-0.99,1996743581,-0.6,16,16,0.2,0.6,0.1,0.1,0.6
413,-16,-0.99,-16,-0.1,-0.2,-0.99,1996743619,-0.6,16,16,0.2,0.6,0.1,0.1,0.8
415,-16,-0.99,-16,-0.1,-0.2,-0.99,1996743665,-0.6,16,16,0.2,0.6,0.1,0.2,0.1
417,-16,-0.99,-16,-0.1,-0.2,-0.99,1996743714,-0.6,16,16,0.2,0.6,0.1,0.2,0.3
419,-16,-0.99,-16,-0.1,-0.2,-0.99,1996743753,-0.6,16,16,0.2,0.6,0.1,0.2,0.5
421,-16,-0.99,-16,-0.1,-0.2,-0.99,1996743825,-0.6,16,16,0.2,0.6,0.1,0.2,0.7
423,-16,-0.99,-16,-0.1,-0.2,-0.99,1996743855,-0.6,16,16,0.2,0.6,0.1,0.2,0.9
425,-16,-0.99,-16,-0.1,-0.2,-0.99,1996743905,-0.6,16,16,0.2,0.6,0.1,0.3,0.2
427,-16,-0.99,-16,-0.1,-0.2,-0.99,1996743951,-0.6,16,16,0.2,0.6,0.1,0.3,0.4
429,-16,-0.99,-16,-0.1,-0.2,-0.99,1996743992,-0.6,16,16,0.2,0.6,0.1,0.3,0.6
431,-16,-0.99,-16,-0.1,-0.2,-0.99,1996744031,-0.6,16,16,0.2,0.6,0.1,0.3,0.8
433,-16,-0.99,-16,-0.1,-0.2,-0.99,1996744067,-0.6,16,16,0.2,0.6,0.1,0.4,0.1
435,-16,-0.99,-16,-0.1,-0.2,-0.99,1996744110,-0.6,16,16,0.2,0.6,0.1,0.4,0.3
437,-16,-0.99,-16,-0.1,-0.2,-0.99,1996744162,-0.6,16,16,0.2,0.6,0.1,0.4,0.5
439,-16,-0.99,-16,-0.1,-0.2,-0.99,1996744206,-0.6,16,16,0.2,0.6,0.1,0.4,0.7
441,-16,-0.99,-16,-0.1,-0.2,-0.99,1996744236,-0.6,16,16,0.2,0.6,0.1,0.4,0.9
443,-16,-0.99,-16,-0.1,-0.2,-0.99,1996744277,-0.6,16,16,0.2,0.6,0.1,0.5,0.2
445,-16,-0.99,-16,-0.1,-0.2,-0.99,1996744334,-0.6,16,16,0.2,0.6,0.1,0.5,0.4
447,-16,-0.99,-16,-0.1,-0.2,-0.99,1996744384,-0.6,16,16,0.2,0.6,0.1,0.5,0.6
449,-16,-0.99,-16,-0.1,-0.2,-0.99,1996744433,-0.6,16,16,0.2,0.6,0.1,0.5,0.8
451,-16,-0.99,-16,-0.1,-0.2,-0.99,1996744468,-0.6,16,16,0.2,0.6,0.1,0.6,0.1
453,-16,-0.99,-16,-0.1,-0.2,-0.99,1996744517,-0.6,16,16,0.2,0.6,0.1,0.6,0.3
455,-16,-0.99,-16,-0.1,-0.2,-0.99,1996744570,-0.6,16,16,0.2,0.6,0.1,0.6,0.5
457,-16,-0.99,-16,-0.1,-0.2,-0.99,1996744607,-0.6,16,16,0.2,0.6,0.1,0.6,0.7
459,-16,-0.99,-16,-0.1,-0.2,-0.99,1996744675,-0.6,16,16,0.2,0.6,0.1,0.6,0.9
461,-16,-0.99,-16,-0.1,-0.2,-0.99,1996744732,-0.6,16,16,0.2,0.6,0.1,0.7,0.2
463,-16,-0.99,-16,-0.1,-0.2,-0.99,1996744781,-0.6,16,16,0.2,0.6,0.1,0.7,0.4
465,-16,-0.99,-16,-0.1,-0.2,-0.99,1996744829,-0.6,16,16,0.2,0.6,0.1,0.7,0.6
467,-16,-0.99,-16,-0.1,-0.2,-0.99,1996744906,-0.6,16,16,0.2,0.6,0.1,0.7,0.8
469,-16,-0.99,-16,-0.1,-0.2,-0.99,1996744988,-0.6,16,16,0.2,0.6,0.1,0.8,0.1
471,-16,-0.99,-16,-0.1,-0.2,-0.99,1996745047,-0.6,16,16,0.2,0.6,0.1,0.8,0.3
473,-16,-0.99,-16,-0.1,-0.2,-0.99,1996745089,-0.6,16,16,0.2,0.6,0.1,0.8,0.5
475,-16,-0.99,-16,-0.1,-0.2,-0.99,1996745148,-0.6,16,16,0.2,0.6,0.1,0.8,0.7
477,-16,-0.99,-16,-0.1,-0.2,-0.99,1996745215,-0.6,16,16,0.2,0.6,0.1,0.8,0.9
479,-16,-0.99,-16,-0.1,-0.2,-0.99,1996745264,-0.6,16,16,0.2,0.6,0.1,0.9,0.2
481,-16,-0.99,-16,-0.1,-0.2,-0.99,1996745301,-0.6,16,16,0.2,0.6,0.1,0.9,0.4
483,-16,-0.99,-16,-0.1,-0.2,-0.99,1996745354,-0.6,16,16,0.2,0.6,0.1,0.9,0.6
485,-16,-0.99,-16,-0.1,-0.2,-0.99,1996745399,-0.6,16,16,0.2,0.6,0.1,0.9,0.8
487,-16,-0.99,-16,-0.1,-0.2,-0.99,1996745433,-0.6,16,16,0.2,0.7,0.1,0.1,0.1
489,-16,-0.99,-16,-0.1,-0.2,-0.99,1996745510,-0.6,16,16,0.2,0.7,0.1,0.1,0.3
491,-16,-0.99,-16,-0.1,-0.2,-0.99,1996745565,-0.6,16,16,0.2,0.7,0.1,0.1,0.5
493,-16,-0.99,-16,-0.1,-0.2,-0.99,1996745663,-0.6,16,16,0.2,0.7,0.1,0.1,0.7
495,-16,-0.99,-16,-0.1,-0.2,-0.99,1996745713,-0.6,16,16,0.2,0.7,0.1,0.1,0.9
497,-16,-0.99,-16,-0.1,-0.2,-0.99,1996745738,-0.6,16,16,0.2,0.7,0.1,0.2,0.2
499,-16,-0.99,-16,-0.1,-0.2,-0.99,1996745789,-0.6,16,16,0.2,0.7,0.1,0.2,0.4
501,-16,-0.99,-16,-0.1,-0.2,-0.99,1996745825,-0.6,16,16,0.2,0.7,0.1,0.2,0.6
503,-16,-0.99,-16,-0.1,-0.2,-0.99,1996745890,-0.6,16,16,0.2,0.7,0.1,0.2,0.8
505,-16,-0.99,-16,-0.1,-0.2,-0.99,1996745933,-0.6,16,16,0.2,0.7,0.1,0.3,0.1
507,-16,-0.99,-16,-0.1,-0.2,-0.99,1996745992,-0.6,16,16,0.2,0.7,0.1,0.3,0.3
509,-16,-0.99,-16,-0.1,-0.2,-0.99,1996746033,-0.6,16,16,0.2,0.7,0.1,0.3,0.5
511,-16,-0.99,-16,-0.1,-0.2,-0.99,1996746083,-0.6,16,16,0.2,0.7,0.1,0.3,0.7
513,-16,-0.99,-16,-0.1,-0.2,-0.99,1996746143,-0.6,16,16,0.2,0.7,0.1,0.3,0.9
515,-16,-0.99,-16,-0.1,-0.2,-0.99,1996746255,-0.6,16,16,0.2,0.7,0.1,0.4,0.2
517,-16,-0.99,-16,-0.1,-0.2,-0.99,1996746303,-0.6,16,16,0.2,0.7,0.1,0.4,0.4
519,-16,-0.99,-16,-0.1,-0.2,-0.99,1996746358,-0.6,16,16,0.2,0.7,0.1,0.4,0.6
521,-16,-0.99,-16,-0.1,-0.2,-0.99,1996746404,-0.6,16,16,0.2,0.7,0.1,0.4,0.8
523,-16,-0.99,-16,-0.1,-0.2,-0.99,1996746444,-0.6,16,16,0.2,0.7,0.1,0.5,0.1
525,-16,-0.99,-16,-0.1,-0.2,-0.99,1996746492,-0.6,16,16,0.2,0.7,0.1,0.5,0.3
527,-16,-0.99,-16,-0.1,-0.2,-0.99,1996746599,-0.6,16,16,0.2,0.7,0.1,0.5,0.5
529,-16,-0.99,-16,-0.1,-0.2,-0.99,1996746637,-0.6,16,16,0.2,0.7,0.1,0.5,0.7
531,-16,-0.99,-16,-0.1,-0.2,-0.99,1996746679,-0.6,16,16,0.2,0.7,0.1,0.5,0.9
533,-16,-0.99,-16,-0.1,-0.2,-0.99,1996746728,-0.6,16,16,0.2,0.7,0.1,0.6,0.2
535,-16,-0.99,-16,-0.1,-0.2,-0.99,1996746763,-0.6,16,16,0.2,0.7,0.1,0.6,0.4
537,-16,-0.99,-16,-0.1,-0.2,-0.99,1996746821,-0.6,16,16,0.2,0.7,0.1,0.6,0.6
539,-16,-0.99,-16,-0.1,-0.2,-0.99,1996746903,-0.6,16,16,0.2,0.7,0.1,0.6,0.8
541,-16,-0.99,-16,-0.1,-0.2,-0.99,1996747114,-0.6,16,16,0.2,0.7,0.1,0.7,0.1
543,-16,-0.99,-16,-0.1,-0.2,-0.99,1996747157,-0.6,16,16,0.2,0.7,0.1,0.7,0.3
545,-16,-0.99,-16,-0.1,-0.2,-0.99,1996747232,-0.6,16,16,0.2,0.7,0.1,0.7,0.5
547,-16,-0.99,-16,-0.1,-0.2,-0.99,1996747286,-0.6,16,16,0.2,0.7,0.1,0.7,0.7
549,-16,-0.99,-16,-0.1,-0.2,-0.99,1996747322,-0.6,16,16,0.2,0.7,0.1,0.7,0.9
551,-16,-0.99,-16,-0.1,-0.2,-0.99,1996747361,-0.6,16,16,0.2,0.7,0.1,0.8,0.2
553,-16,-0.99,-16,-0.1,-0.2,-0.99,1996747396,-0.6,16,16,0.2,0.7,0.1,0.8,0.4
555,-16,-0.99,-16,-0.1,-0.2,-0.99,1996747450,-0.6,16,16,0.2,0.7,0.1,0.8,0.6
557,-16,-0.99,-16,-0.1,-0.2,-0.99,1996747494,-0.6,16,16,0.2,0.7,0.1,0.8,0.8
559,-16,-0.99,-16,-0.1,-0.2,-0.99,1996747553,-0.6,16,16,0.2,0.7,0.1,0.9,0.1
561,-16,-0.99,-16,-0.1,-0.2,-0.99,1996747613,-0.6,16,16,0.2,0.7,0.1,0.9,0.3
563,-16,-0.99,-16,-0.1,-0.2,-0.99,1996747653,-0.6,16,16,0.2,0.7,0.1,0.9,0.5
565,-16,-0.99,-16,-0.1,-0.2,-0.99,1996747704,-0.6,16,16,0.2,0.7,0.1,0.9,0.7
567,-16,-0.99,-16,-0.1,-0.2,-0.99,1996747793,-0.6,16,16,0.2,0.7,0.1,0.9,0.9
569,-16,-0.99,-16,-0.1,-0.2,-0.99,1996747939,-0.6,16,16,0.2,0.8,0.1,0.1,0.2
571,-16,-0.99,-16,-0.1,-0.2,-0.99,1996748020,-0.6,16,16,0.2,0.8,0.1,0.1,0.4
573,-16,-0.99,-16,-0.1,-0.2,-0.99,1996748082,-0.6,16,16,0.2,0.8,0.1,0.1,0.6
575,-16,-0.99,-16,-0.1,-0.2,-0.99,1996748148,-0.6,16,16,0.2,0.8,0.1,0.1,0.8
577,-16,-0.99,-16,-0.1,-0.2,-0.99,1996748209,-0.6,16,16,0.2,0.8,0.1,0.2,0.1
579,-16,-0.99,-16,-0.1,-0.2,-0.99,1996748291,-0.6,16,16,0.2,0.8,0.1,0.2,0.3
581,-16,-0.99,-16,-0.1,-0.2,-0.99,1996748424,-0.6,16,16,0.2,0.8,0.1,0.2,0.5
583,-16,-0.99,-16,-0.1,-0.2,-0.99,1996748473,-0.6,16,16,0.2,0.8,0.1,0.2,0.7
585,-16,-0.99,-16,-0.1,-0.2,-0.99,1996748545,-0.6,16,16,0.2,0.8,0.1,0.2,0.9
587,-16,-0.99,-16,-0.1,-0.2,-0.99,1996748591,-0.6,16,16,0.2,0.8,0.1,0.3,0.2
589,-16,-0.99,-16,-0.1,-0.2,-0.99,1996748633,-0.6,16,16,0.2,0.8,0.1,0.3,0.4
591,-16,-0.99,-16,-0.1,-0.2,-0.99,1996748687,-0.6,16,16,0.2,0.8,0.1,0.3,0.6
593,-16,-0.99,-16,-0.1,-0.2,-0.99,1996748794,-0.6,16,16,0.2,0.8,0.1,0.3,0.8
595,-16,-0.99,-16,-0.1,-0.2,-0.99,1996748886,-0.6,16,16,0.2,0.8,0.1,0.4,0.1
597,-16,-0.99,-16,-0.1,-0.2,-0.99,1996748957,-0.6,16,16,0.2,0.8,0.1,0.4,0.3
599,-16,-0.99,-16,-0.1,-0.2,-0.99,1996749043,-0.6,16,16,0.2,0.8,0.1,0.4,0.5
601,-16,-0.99,-16,-0.1,-0.2,-0.99,1996749100,-0.6,16,16,0.2,0.8,0.1,0.4,0.7
603,-16,-0.99,-16,-0.1,-0.2,-0.99,1996749155,-0.6,16,16,0.2,0.8,0.1,0.4,0.9
605,-16,-0.99,-16,-0.1,-0.2,-0.99,1996749264,-0.6,16,16,0.2,0.8,0.1,0.5,0.2
607,-16,-0.99,-16,-0.1,-0.2,-0.99,1996749339,-0.6,16,16,0.2,0.8,0.1,0.5,0.4
609,-16,-0.99,-16,-0.1,-0.2,-0.99,1996749385,-0.6,16,16,0.2,0.8,0.1,0.5,0.6
611,-16,-0.99,-16,-0.1,-0.2,-0.99,1996749420,-0.6,16,16,0.2,0.8,0.1,0.5,0.8
613,-16,-0.99,-16,-0.1,-0.2,-0.99,1996749466,-0.6,16,16,0.2,0.8,0.1,0.6,0.1
615,-16,-0.99,-16,-0.1,-0.2,-0.99,1996749518,-0.6,16,16,0.2,0.8,0.1,0.6,0.3
617,-16,-0.99,-16,-0.1,-0.2,-0.99,1996749576,-0.6,16,16,0.2,0.8,0.1,0.6,0.5
619,-16,-0.99,-16,-0.1,-0.2,-0.99,1996749629,-0.6,16,16,0.2,0.8,0.1,0.6,0.7
621,-16,-0.99,-16,-0.1,-0.2,-0.99,1996749671,-0.6,16,16,0.2,0.8,0.1,0.6,0.9
623,-16,-0.99,-16,-0.1,-0.2,-0.99,1996749712,-0.6,16,16,0.2,0.8,0.1,0.7,0.2
625,-16,-0.99,-16,-0.1,-0.2,-0.99,1996749755,-0.6,16,16,0.2,0.8,0.1,0.7,0.4
627,-16,-0.99,-16,-0.1,-0.2,-0.99,1996749799,-0.6,16,16,0.2,0.8,0.1,0.7,0.6
629,-16,-0.99,-16,-0.1,-0.2,-0.99,1996749848,-0.6,16,16,0.2,0.8,0.1,0.7,0.8
631,-16,-0.99,-16,-0.1,-0.2,-0.99,1996749897,-0.6,16,16,0.2,0.8,0.1,0.8,0.1
633,-16,-0.99,-16,-0.1,-0.2,-0.99,1996749936,-0.6,16,16,0.2,0.8,0.1,0.8,0.3
635,-16,-0.99,-16,-0.1,-0.2,-0.99,1996749987,-0.6,16,16,0.2,0.8,0.1,0.8,0.5
637,-16,-0.99,-16,-0.1,-0.2,-0.99,1996750032,-0.6,16,16,0.2,0.8,0.1,0.8,0.7
639,-16,-0.99,-16,-0.1,-0.2,-0.99,1996750085,-0.6,16,16,0.2,0.8,0.1,0.8,0.9
641,-16,-0.99,-16,-0.1,-0.2,-0.99,1996750130,-0.6,16,16,0.2,0.8,0.1,0.9,0.2
643,-16,-0.99,-16,-0.1,-0.2,-0.99,1996750201,-0.6,16,16,0.2,0.8,0.1,0.9,0.4
645,-16,-0.99,-16,-0.1,-0.2,-0.99,1996750259,-0.6,16,16,0.2,0.8,0.1,0.9,0.6
647,-16,-0.99,-16,-0.1,-0.2,-0.99,1996750298,-0.6,16,16,0.2,0.8,0.1,0.9,0.8
649,-16,-0.99,-16,-0.1,-0.2,-0.99,1996750341,-0.6,16,16,0.2,0.9,0.1,0.1,0.1
651,-16,-0.99,-16,-0.1,-0.2,-0.99,1996750382,-0.6,16,16,0.2,0.9,0.1,0.1,0.3
653,-16,-0.99,-16,-0.1,-0.2,-0.99,1996750427,-0.6,16,16,0.2,0.9,0.1,0.1,0.5
655,-16,-0.99,-16,-0.1,-0.2,-0.99,1996750479,-0.6,16,16,0.2,0.9,0.1,0.1,0.7
657,-16,-0.99,-16,-0.1,-0.2,-0.99,1996750515,-0.6,16,16,0.2,0.9,0.1,0.1,0.9
659,-16,-0.99,-16,-0.1,-0.2,-0.99,1996750556,-0.6,16,16,0.2,0.9,0.1,0.2,0.2
661,-16,-0.99,-16,-0.1,-0.2,-0.99,1996750595,-0.6,16,16,0.2,0.9,0.1,0.2,0.4
663,-16,-0.99,-16,-0.1,-0.2,-0.99,1996750633,-0.6,16,16,0.2,0.9,0.1,0.2,0.6
665,-16,-0.99,-16,-0.1,-0.2,-0.99,1996750675,-0.6,16,16,0.2,0.9,0.1,0.2,0.8
667,-16,-0.99,-16,-0.1,-0.2,-0.99,1996750717,-0.6,16,16,0.2,0.9,0.1,0.3,0.1
669,-16,-0.99,-16,-0.1,-0.2,-0.99,1996750760,-0.6,16,16,0.2,0.9,0.1,0.3,0.3
671,-16,-0.99,-16,-0.1,-0.2,-0.99,1996750812,-0.6,16,16,0.2,0.9,0.1,0.3,0.5
673,-16,-0.99,-16,-0.1,-0.2,-0.99,1996750859,-0.6,16,16,0.2,0.9,0.1,0.3,0.7
675,-16,-0.99,-16,-0.1,-0.2,-0.99,1996751193,-0.6,16,16,0.2,0.9,0.1,0.3,0.9
677,-16,-0.99,-16,-0.1,-0.2,-0.99,1996751276,-0.6,16,16,0.2,0.9,0.1,0.4,0.2
679,-16,-0.99,-16,-0.1,-0.2,-0.99,1996751329,-0.6,16,16,0.2,0.9,0.1,0.4,0.4
681,-16,-0.99,-16,-0.1,-0.2,-0.99,1996751366,-0.6,16,16,0.2,0.9,0.1,0.4,0.6
683,-16,-0.99,-16,-0.1,-0.2,-0.99,1996751414,-0.6,16,16,0.2,0.9,0.1,0.4,0.8
685,-16,-0.99,-16,-0.1,-0.2,-0.99,1996751475,-0.6,16,16,0.2,0.9,0.1,0.5,0.1
687,-16,-0.99,-16,-0.1,-0.2,-0.99,1996751513,-0.6,16,16,0.2,0.9,0.1,0.5,0.3
689,-16,-0.99,-16,-0.1,-0.2,-0.99,1996751584,-0.6,16,16,0.2,0.9,0.1,0.5,0.5
691,-16,-0.99,-16,-0.1,-0.2,-0.99,1996751649,-0.6,16,16,0.2,0.9,0.1,0.5,0.7
693,-16,-0.99,-16,-0.1,-0.2,-0.99,1996751691,-0.6,16,16,0.2,0.9,0.1,0.5,0.9
695,-16,-0.99,-16,-0.1,-0.2,-0.99,1996751726,-0.6,16,16,0.2,0.9,0.1,0.6,0.2
697,-16,-0.99,-16,-0.1,-0.2,-0.99,1996751779,-0.6,16,16,0.2,0.9,0.1,0.6,0.4
699,-16,-0.99,-16,-0.1,-0.2,-0.99,1996751822,-0.6,16,16,0.2,0.9,0.1,0.6,0.6
701,-16,-0.99,-16,-0.1,-0.2,-0.99,1996751879,-0.6,16,16,0.2,0.9,0.1,0.6,0.8
703,-16,-0.99,-16,-0.1,-0.2,-0.99,1996751936,-0.6,16,16,0.2,0.9,0.1,0.7,0.1
705,-16,-0.99,-16,-0.1,-0.2,-0.99,1996752001,-0.6,16,16,0.2,0.9,0.1,0.7,0.3
707,-16,-0.99,-16,-0.1,-0.2,-0.99,1996752057,-0.6,16,16,0.2,0.9,0.1,0.7,0.5
709,-16,-0.99,-16,-0.1,-0.2,-0.99,1996752109,-0.6,16,16,0.2,0.9,0.1,0.7,0.7
711,-16,-0.99,-16,-0.1,-0.2,-0.99,1996752168,-0.6,16,16,0.2,0.9,0.1,0.7,0.9
713,-16,-0.99,-16,-0.1,-0.2,-0.99,1996752206,-0.6,16,16,0.2,0.9,0.1,0.8,0.2
715,-16,-0.99,-16,-0.1,-0.2,-0.99,1996752262,-0.6,16,16,0.2,0.9,0.1,0.8,0.4
717,-16,-0.99,-16,-0.1,-0.2,-0.99,1996752304,-0.6,16,16,0.2,0.9,0.1,0.8,0.6
719,-16,-0.99,-16,-0.1,-0.2,-0.99,1996752381,-0.6,16,16,0.2,0.9,0.1,0.8,0.8
721,-16,-0.99,-16,-0.1,-0.2,-0.99,1996752417,-0.6,16,16,0.2,0.9,0.1,0.9,0.1
723,-16,-0.99,-16,-0.1,-0.2,-0.99,1996752455,-0.6,16,16,0.2,0.9,0.1,0.9,0.3
725,-16,-0.99,-16,-0.1,-0.2,-0.99,1996752489,-0.6,16,16,0.2,0.9,0.1,0.9,0.5
727,-16,-0.99,-16,-0.1,-0.2,-0.99,1996752536,-0.6,16,16,0.2,0.9,0.1,0.9,0.7
729,-16,-0.99,-16,-0.1,-0.2,-0.99,1996752611,-0.6,16,16,0.2,0.9,0.1,0.9,0.9
2,-16,-0.99,-16,-0.1,-0.2,-0.99,1996722145,-0.6,16,16,0.2,0.1,0.1,0.1,0.2
4,-16,-0.99,-16,-0.1,-0.2,-0.99,1996724855,-0.6,16,16,0.2,0.1,0.1,0.1,0.4
6,-16,-0.99,-16,-0.1,-0.2,-0.99,1996726324,-0.6,16,16,0.2,0.1,0.1,0.1,0.6
8,-16,-0.99,-16,-0.1,-0.2,-0.99,1996726552,-0.6,16,16,0.2,0.1,0.1,0.1,0.8
10,-16,-0.99,-16,-0.1,-0.2,-0.99,1996727568,-0.6,16,16,0.2,0.1,0.1,0.2,0.1
12,-16,-0.99,-16,-0.1,-0.2,-0.99,1996727883,-0.6,16,16,0.2,0.1,0.1,0.2,0.3
14,-16,-0.99,-16,-0.1,-0.2,-0.99,1996728103,-0.6,16,16,0.2,0.1,0.1,0.2,0.5
16,-16,-0.99,-16,-0.1,-0.2,-0.99,1996728289,-0.6,16,16,0.2,0.1,0.1,0.2,0.7
18,-16,-0.99,-16,-0.1,-0.2,-0.99,1996728530,-0.6,16,16,0.2,0.1,0.1,0.2,0.9
20,-16,-0.99,-16,-0.1,-0.2,-0.99,1996728651,-0.6,16,16,0.2,0.1,0.1,0.3,0.2
22,-16,-0.99,-16,-0.1,-0.2,-0.99,1996728806,-0.6,16,16,0.2,0.1,0.1,0.3,0.4
24,-16,-0.99,-16,-0.1,-0.2,-0.99,1996728991,-0.6,16,16,0.2,0.1,0.1,0.3,0.6
26,-16,-0.99,-16,-0.1,-0.2,-0.99,1996729098,-0.6,16,16,0.2,0.1,0.1,0.3,0.8
28,-16,-0.99,-16,-0.1,-0.2,-0.99,1996729420,-0.6,16,16,0.2,0.1,0.1,0.4,0.1
30,-16,-0.99,-16,-0.1,-0.2,-0.99,1996729579,-0.6,16,16,0.2,0.1,0.1,0.4,0.3
32,-16,-0.99,-16,-0.1,-0.2,-0.99,1996729673,-0.6,16,16,0.2,0.1,0.1,0.4,0.5
34,-16,-0.99,-16,-0.1,-0.2,-0.99,1996729774,-0.6,16,16,0.2,0.1,0.1,0.4,0.7
36,-16,-0.99,-16,-0.1,-0.2,-0.99,1996729870,-0.6,16,16,0.2,0.1,0.1,0.4,0.9
38,-16,-0.99,-16,-0.1,-0.2,-0.99,1996729959,-0.6,16,16,0.2,0.1,0.1,0.5,0.2
40,-16,-0.99,-16,-0.1,-0.2,-0.99,1996730060,-0.6,16,16,0.2,0.1,0.1,0.5,0.4
42,-16,-0.99,-16,-0.1,-0.2,-0.99,1996730151,-0.6,16,16,0.2,0.1,0.1,0.5,0.6
44,-16,-0.99,-16,-0.1,-0.2,-0.99,1996730343,-0.6,16,16,0.2,0.1,0.1,0.5,0.8
46,-16,-0.99,-16,-0.1,-0.2,-0.99,1996730427,-0.6,16,16,0.2,0.1,0.1,0.6,0.1
48,-16,-0.99,-16,-0.1,-0.2,-0.99,1996730523,-0.6,16,16,0.2,0.1,0.1,0.6,0.3
50,-16,-0.99,-16,-0.1,-0.2,-0.99,1996730645,-0.6,16,16,0.2,0.1,0.1,0.6,0.5
52,-16,-0.99,-16,-0.1,-0.2,-0.99,1996730728,-0.6,16,16,0.2,0.1,0.1,0.6,0.7
54,-16,-0.99,-16,-0.1,-0.2,-0.99,1996730822,-0.6,16,16,0.2,0.1,0.1,0.6,0.9
56,-16,-0.99,-16,-0.1,-0.2,-0.99,1996730890,-0.6,16,16,0.2,0.1,0.1,0.7,0.2
58,-16,-0.99,-16,-0.1,-0.2,-0.99,1996731005,-0.6,16,16,0.2,0.1,0.1,0.7,0.4
60,-16,-0.99,-16,-0.1,-0.2,-0.99,1996731075,-0.6,16,16,0.2,0.1,0.1,0.7,0.6
62,-16,-0.99,-16,-0.1,-0.2,-0.99,1996731151,-0.6,16,16,0.2,0.1,0.1,0.7,0.8
64,-16,-0.99,-16,-0.1,-0.2,-0.99,1996731203,-0.6,16,16,0.2,0.1,0.1,0.8,0.1
66,-16,-0.99,-16,-0.1,-0.2,-0.99,1996731341,-0.6,16,16,0.2,0.1,0.1,0.8,0.3
68,-16,-0.99,-16,-0.1,-0.2,-0.99,1996731397,-0.6,16,16,0.2,0.1,0.1,0.8,0.5
70,-16,-0.99,-16,-0.1,-0.2,-0.99,1996731502,-0.6,16,16,0.2,0.1,0.1,0.8,0.7
72,-16,-0.99,-16,-0.1,-0.2,-0.99,1996731571,-0.6,16,16,0.2,0.1,0.1,0.8,0.9
74,-16,-0.99,-16,-0.1,-0.2,-0.99,1996731631,-0.6,16,16,0.2,0.1,0.1,0.9,0.2
76,-16,-0.99,-16,-0.1,-0.2,-0.99,1996731727,-0.6,16,16,0.2,0.1,0.1,0.9,0.4
78,-16,-0.99,-16,-0.1,-0.2,-0.99,1996731893,-0.6,16,16,0.2,0.1,0.1,0.9,0.6
80,-16,-0.99,-16,-0.1,-0.2,-0.99,1996731984,-0.6,16,16,0.2,0.1,0.1,0.9,0.8
82,-16,-0.99,-16,-0.1,-0.2,-0.99,1996732072,-0.6,16,16,0.2,0.2,0.1,0.1,0.1
84,-16,-0.99,-16,-0.1,-0.2,-0.99,1996732258,-0.6,16,16,0.2,0.2,0.1,0.1,0.3
86,-16,-0.99,-16,-0.1,-0.2,-0.99,1996732340,-0.6,16,16,0.2,0.2,0.1,0.1,0.5
88,-16,-0.99,-16,-0.1,-0.2,-0.99,1996732399,-0.6,16,16,0.2,0.2,0.1,0.1,0.7
90,-16,-0.99,-16,-0.1,-0.2,-0.99,1996732466,-0.6,16,16,0.2,0.2,0.1,0.1,0.9
92,-16,-0.99,-16,-0.1,-0.2,-0.99,1996732535,-0.6,16,16,0.2,0.2,0.1,0.2,0.2
94,-16,-0.99,-16,-0.1,-0.2,-0.99,1996732602,-0.6,16,16,0.2,0.2,0.1,0.2,0.4
96,-16,-0.99,-16,-0.1,-0.2,-0.99,1996732686,-0.6,16,16,0.2,0.2,0.1,0.2,0.6
98,-16,-0.99,-16,-0.1,-0.2,-0.99,1996732737,-0.6,16,16,0.2,0.2,0.1,0.2,0.8
100,-16,-0.99,-16,-0.1,-0.2,-0.99,1996732826,-0.6,16,16,0.2,0.2,0.1,0.3,0.1
102,-16,-0.99,-16,-0.1,-0.2,-0.99,1996732898,-0.6,16,16,0.2,0.2,0.1,0.3,0.3
104,-16,-0.99,-16,-0.1,-0.2,-0.99,1996733028,-0.6,16,16,0.2,0.2,0.1,0.3,0.5
106,-16,-0.99,-16,-0.1,-0.2,-0.99,1996733093,-0.6,16,16,0.2,0.2,0.1,0.3,0.7
108,-16,-0.99,-16,-0.1,-0.2,-0.99,1996733146,-0.6,16,16,0.2,0.2,0.1,0.3,0.9
110,-16,-0.99,-16,-0.1,-0.2,-0.99,1996733212,-0.6,16,16,0.2,0.2,0.1,0.4,0.2
112,-16,-0.99,-16,-0.1,-0.2,-0.99,1996733278,-0.6,16,16,0.2,0.2,0.1,0.4,0.4
114,-16,-0.99,-16,-0.1,-0.2,-0.99,1996733334,-0.6,16,16,0.2,0.2,0.1,0.4,0.6
116,-16,-0.99,-16,-0.1,-0.2,-0.99,1996733390,-0.6,16,16,0.2,0.2,0.1,0.4,0.8
118,-16,-0.99,-16,-0.1,-0.2,-0.99,1996733449,-0.6,16,16,0.2,0.2,0.1,0.5,0.1
120,-16,-0.99,-16,-0.1,-0.2,-0.99,1996733494,-0.6,16,16,0.2,0.2,0.1,0.5,0.3
122,-16,-0.99,-16,-0.1,-0.2,-0.99,1996733559,-0.6,16,16,0.2,0.2,0.1,0.5,0.5
124,-16,-0.99,-16,-0.1,-0.2,-0.99,1996733629,-0.6,16,16,0.2,0.2,0.1,0.5,0.7
126,-16,-0.99,-16,-0.1,-0.2,-0.99,1996733701,-0.6,16,16,0.2,0.2,0.1,0.5,0.9
128,-16,-0.99,-16,-0.1,-0.2,-0.99,1996733767,-0.6,16,16,0.2,0.2,0.1,0.6,0.2
130,-16,-0.99,-16,-0.1,-0.2,-0.99,1996733852,-0.6,16,16,0.2,0.2,0.1,0.6,0.4
132,-16,-0.99,-16,-0.1,-0.2,-0.99,1996733948,-0.6,16,16,0.2,0.2,0.1,0.6,0.6
134,-16,-0.99,-16,-0.1,-0.2,-0.99,1996734049,-0.6,16,16,0.2,0.2,0.1,0.6,0.8
136,-16,-0.99,-16,-0.1,-0.2,-0.99,1996734092,-0.6,16,16,0.2,0.2,0.1,0.7,0.1
138,-16,-0.99,-16,-0.1,-0.2,-0.99,1996734211,-0.6,16,16,0.2,0.2,0.1,0.7,0.3
140,-16,-0.99,-16,-0.1,-0.2,-0.99,1996734319,-0.6,16,16,0.2,0.2,0.1,0.7,0.5
142,-16,-0.99,-16,-0.1,-0.2,-0.99,1996734466,-0.6,16,16,0.2,0.2,0.1,0.7,0.7
144,-16,-0.99,-16,-0.1,-0.2,-0.99,1996734535,-0.6,16,16,0.2,0.2,0.1,0.7,0.9
146,-16,-0.99,-16,-0.1,-0.2,-0.99,1996734581,-0.6,16,16,0.2,0.2,0.1,0.8,0.2
148,-16,-0.99,-16,-0.1,-0.2,-0.99,1996734662,-0.6,16,16,0.2,0.2,0.1,0.8,0.4
150,-16,-0.99,-16,-0.1,-0.2,-0.99,1996734706,-0.6,16,16,0.2,0.2,0.1,0.8,0.6
152,-16,-0.99,-16,-0.1,-0.2,-0.99,1996734757,-0.6,16,16,0.2,0.2,0.1,0.8,0.8
154,-16,-0.99,-16,-0.1,-0.2,-0.99,1996734826,-0.6,16,16,0.2,0.2,0.1,0.9,0.1
156,-16,-0.99,-16,-0.1,-0.2,-0.99,1996734902,-0.6,16,16,0.2,0.2,0.1,0.9,0.3
158,-16,-0.99,-16,-0.1,-0.2,-0.99,1996734985,-0.6,16,16,0.2,0.2,0.1,0.9,0.5
160,-16,-0.99,-16,-0.1,-0.2,-0.99,1996735072,-0.6,16,16,0.2,0.2,0.1,0.9,0.7
162,-16,-0.99,-16,-0.1,-0.2,-0.99,1996735131,-0.6,16,16,0.2,0.2,0.1,0.9,0.9
164,-16,-0.99,-16,-0.1,-0.2,-0.99,1996735180,-0.6,16,16,0.2,0.3,0.1,0.1,0.2
166,-16,-0.99,-16,-0.1,-0.2,-0.99,1996735226,-0.6,16,16,0.2,0.3,0.1,0.1,0.4
168,-16,-0.99,-16,-0.1,-0.2,-0.99,1996735342,-0.6,16,16,0.2,0.3,0.1,0.1,0.6
170,-16,-0.99,-16,-0.1,-0.2,-0.99,1996735392,-0.6,16,16,0.2,0.3,0.1,0.1,0.8
172,-16,-0.99,-16,-0.1,-0.2,-0.99,1996735436,-0.6,16,16,0.2,0.3,0.1,0.2,0.1
174,-16,-0.99,-16,-0.1,-0.2,-0.99,1996735512,-0.6,16,16,0.2,0.3,0.1,0.2,0.3
176,-16,-0.99,-16,-0.1,-0.2,-0.99,1996735589,-0.6,16,16,0.2,0.3,0.1,0.2,0.5
178,-16,-0.99,-16,-0.1,-0.2,-0.99,1996735635,-0.6,16,16,0.2,0.3,0.1,0.2,0.7
180,-16,-0.99,-16,-0.1,-0.2,-0.99,1996735701,-0.6,16,16,0.2,0.3,0.1,0.2,0.9
182,-16,-0.99,-16,-0.1,-0.2,-0.99,1996735771,-0.6,16,16,0.2,0.3,0.1,0.3,0.2
184,-16,-0.99,-16,-0.1,-0.2,-0.99,1996735895,-0.6,16,16,0.2,0.3,0.1,0.3,0.4
186,-16,-0.99,-16,-0.1,-0.2,-0.99,1996735969,-0.6,16,16,0.2,0.3,0.1,0.3,0.6
188,-16,-0.99,-16,-0.1,-0.2,-0.99,1996736239,-0.6,16,16,0.2,0.3,0.1,0.3,0.8
190,-16,-0.99,-16,-0.1,-0.2,-0.99,1996736329,-0.6,16,16,0.2,0.3,0.1,0.4,0.1
192,-16,-0.99,-16,-0.1,-0.2,-0.99,1996736374,-0.6,16,16,0.2,0.3,0.1,0.4,0.3
194,-16,-0.99,-16,-0.1,-0.2,-0.99,1996736445,-0.6,16,16,0.2,0.3,0.1,0.4,0.5
196,-16,-0.99,-16,-0.1,-0.2,-0.99,1996736531,-0.6,16,16,0.2,0.3,0.1,0.4,0.7
198,-16,-0.99,-16,-0.1,-0.2,-0.99,1996736605,-0.6,16,16,0.2,0.3,0.1,0.4,0.9
200,-16,-0.99,-16,-0.1,-0.2,-0.99,1996736652,-0.6,16,16,0.2,0.3,0.1,0.5,0.2
202,-16,-0.99,-16,-0.1,-0.2,-0.99,1996736709,-0.6,16,16,0.2,0.3,0.1,0.5,0.4
204,-16,-0.99,-16,-0.1,-0.2,-0.99,1996736777,-0.6,16,16,0.2,0.3,0.1,0.5,0.6
206,-16,-0.99,-16,-0.1,-0.2,-0.99,1996736823,-0.6,16,16,0.2,0.3,0.1,0.5,0.8
208,-16,-0.99,-16,-0.1,-0.2,-0.99,1996736934,-0.6,16,16,0.2,0.3,0.1,0.6,0.1
210,-16,-0.99,-16,-0.1,-0.2,-0.99,1996737054,-0.6,16,16,0.2,0.3,0.1,0.6,0.3
212,-16,-0.99,-16,-0.1,-0.2,-0.99,1996737121,-0.6,16,16,0.2,0.3,0.1,0.6,0.5
214,-16,-0.99,-16,-0.1,-0.2,-0.99,1996737187,-0.6,16,16,0.2,0.3,0.1,0.6,0.7
216,-16,-0.99,-16,-0.1,-0.2,-0.99,1996737255,-0.6,16,16,0.2,0.3,0.1,0.6,0.9
218,-16,-0.99,-16,-0.1,-0.2,-0.99,1996737319,-0.6,16,16,0.2,0.3,0.1,0.7,0.2
220,-16,-0.99,-16,-0.1,-0.2,-0.99,1996737404,-0.6,16,16,0.2,0.3,0.1,0.7,0.4
222,-16,-0.99,-16,-0.1,-0.2,-0.99,1996737476,-0.6,16,16,0.2,0.3,0.1,0.7,0.6
224,-16,-0.99,-16,-0.1,-0.2,-0.99,1996737539,-0.6,16,16,0.2,0.3,0.1,0.7,0.8
226,-16,-0.99,-16,-0.1,-0.2,-0.99,1996737647,-0.6,16,16,0.2,0.3,0.1,0.8,0.1
228,-16,-0.99,-16,-0.1,-0.2,-0.99,1996737693,-0.6,16,16,0.2,0.3,0.1,0.8,0.3
230,-16,-0.99,-16,-0.1,-0.2,-0.99,1996737778,-0.6,16,16,0.2,0.3,0.1,0.8,0.5
232,-16,-0.99,-16,-0.1,-0.2,-0.99,1996737826,-0.6,16,16,0.2,0.3,0.1,0.8,0.7
234,-16,-0.99,-16,-0.1,-0.2,-0.99,1996737881,-0.6,16,16,0.2,0.3,0.1,0.8,0.9
236,-16,-0.99,-16,-0.1,-0.2,-0.99,1996737920,-0.6,16,16,0.2,0.3,0.1,0.9,0.2
238,-16,-0.99,-16,-0.1,-0.2,-0.99,1996737971,-0.6,16,16,0.2,0.3,0.1,0.9,0.4
240,-16,-0.99,-16,-0.1,-0.2,-0.99,1996738046,-0.6,16,16,0.2,0.3,0.1,0.9,0.6
242,-16,-0.99,-16,-0.1,-0.2,-0.99,1996738093,-0.6,16,16,0.2,0.3,0.1,0.9,0.8
244,-16,-0.99,-16,-0.1,-0.2,-0.99,1996738188,-0.6,16,16,0.2,0.4,0.1,0.1,0.1
246,-16,-0.99,-16,-0.1,-0.2,-0.99,1996738245,-0.6,16,16,0.2,0.4,0.1,0.1,0.3
248,-16,-0.99,-16,-0.1,-0.2,-0.99,1996738288,-0.6,16,16,0.2,0.4,0.1,0.1,0.5
250,-16,-0.99,-16,-0.1,-0.2,-0.99,1996738346,-0.6,16,16,0.2,0.4,0.1,0.1,0.7
252,-16,-0.99,-16,-0.1,-0.2,-0.99,1996738407,-0.6,16,16,0.2,0.4,0.1,0.1,0.9
254,-16,-0.99,-16,-0.1,-0.2,-0.99,1996738444,-0.6,16,16,0.2,0.4,0.1,0.2,0.2
256,-16,-0.99,-16,-0.1,-0.2,-0.99,1996738536,-0.6,16,16,0.2,0.4,0.1,0.2,0.4
258,-16,-0.99,-16,-0.1,-0.2,-0.99,1996738681,-0.6,16,16,0.2,0.4,0.1,0.2,0.6
260,-16,-0.99,-16,-0.1,-0.2,-0.99,1996738750,-0.6,16,16,0.2,0.4,0.1,0.2,0.8
262,-16,-0.99,-16,-0.1,-0.2,-0.99,1996738814,-0.6,16,16,0.2,0.4,0.1,0.3,0.1
264,-16,-0.99,-16,-0.1,-0.2,-0.99,1996738888,-0.6,16,16,0.2,0.4,0.1,0.3,0.3
266,-16,-0.99,-16,-0.1,-0.2,-0.99,1996738933,-0.6,16,16,0.2,0.4,0.1,0.3,0.5
268,-16,-0.99,-16,-0.1,-0.2,-0.99,1996738994,-0.6,16,16,0.2,0.4,0.1,0.3,0.7
270,-16,-0.99,-16,-0.1,-0.2,-0.99,1996739413,-0.6,16,16,0.2,0.4,0.1,0.3,0.9
272,-16,-0.99,-16,-0.1,-0.2,-0.99,1996739470,-0.6,16,16,0.2,0.4,0.1,0.4,0.2
274,-16,-0.99,-16,-0.1,-0.2,-0.99,1996739546,-0.6,16,16,0.2,0.4,0.1,0.4,0.4
276,-16,-0.99,-16,-0.1,-0.2,-0.99,1996739588,-0.6,16,16,0.2,0.4,0.1,0.4,0.6
278,-16,-0.99,-16,-0.1,-0.2,-0.99,1996739636,-0.6,16,16,0.2,0.4,0.1,0.4,0.8
280,-16,-0.99,-16,-0.1,-0.2,-0.99,1996739687,-0.6,16,16,0.2,0.4,0.1,0.5,0.1
282,-16,-0.99,-16,-0.1,-0.2,-0.99,1996739752,-0.6,16,16,0.2,0.4,0.1,0.5,0.3
284,-16,-0.99,-16,-0.1,-0.2,-0.99,1996739807,-0.6,16,16,0.2,0.4,0.1,0.5,0.5
286,-16,-0.99,-16,-0.1,-0.2,-0.99,1996739843,-0.6,16,16,0.2,0.4,0.1,0.5,0.7
288,-16,-0.99,-16,-0.1,-0.2,-0.99,1996739893,-0.6,16,16,0.2,0.4,0.1,0.5,0.9
290,-16,-0.99,-16,-0.1,-0.2,-0.99,1996739932,-0.6,16,16,0.2,0.4,0.1,0.6,0.2
292,-16,-0.99,-16,-0.1,-0.2,-0.99,1996739977,-0.6,16,16,0.2,0.4,0.1,0.6,0.4
294,-16,-0.99,-16,-0.1,-0.2,-0.99,1996740017,-0.6,16,16,0.2,0.4,0.1,0.6,0.6
296,-16,-0.99,-16,-0.1,-0.2,-0.99,1996740064,-0.6,16,16,0.2,0.4,0.1,0.6,0.8
298,-16,-0.99,-16,-0.1,-0.2,-0.99,1996740111,-0.6,16,16,0.2,0.4,0.1,0.7,0.1
300,-16,-0.99,-16,-0.1,-0.2,-0.99,1996740164,-0.6,16,16,0.2,0.4,0.1,0.7,0.3
302,-16,-0.99,-16,-0.1,-0.2,-0.99,1996740204,-0.6,16,16,0.2,0.4,0.1,0.7,0.5
304,-16,-0.99,-16,-0.1,-0.2,-0.99,1996740273,-0.6,16,16,0.2,0.4,0.1,0.7,0.7
306,-16,-0.99,-16,-0.1,-0.2,-0.99,1996740318,-0.6,16,16,0.2,0.4,0.1,0.7,0.9
308,-16,-0.99,-16,-0.1,-0.2,-0.99,1996740361,-0.6,16,16,0.2,0.4,0.1,0.8,0.2
310,-16,-0.99,-16,-0.1,-0.2,-0.99,1996740411,-0.6,16,16,0.2,0.4,0.1,0.8,0.4
312,-16,-0.99,-16,-0.1,-0.2,-0.99,1996740453,-0.6,16,16,0.2,0.4,0.1,0.8,0.6
314,-16,-0.99,-16,-0.1,-0.2,-0.99,1996740492,-0.6,16,16,0.2,0.4,0.1,0.8,0.8
316,-16,-0.99,-16,-0.1,-0.2,-0.99,1996740525,-0.6,16,16,0.2,0.4,0.1,0.9,0.1
318,-16,-0.99,-16,-0.1,-0.2,-0.99,1996740587,-0.6,16,16,0.2,0.4,0.1,0.9,0.3
320,-16,-0.99,-16,-0.1,-0.2,-0.99,1996740653,-0.6,16,16,0.2,0.4,0.1,0.9,0.5
322,-16,-0.99,-16,-0.1,-0.2,-0.99,1996740744,-0.6,16,16,0.2,0.4,0.1,0.9,0.7
324,-16,-0.99,-16,-0.1,-0.2,-0.99,1996740814,-0.6,16,16,0.2,0.4,0.1,0.9,0.9
326,-16,-0.99,-16,-0.1,-0.2,-0.99,1996741446,-0.6,16,16,0.2,0.5,0.1,0.1,0.2
328,-16,-0.99,-16,-0.1,-0.2,-0.99,1996741678,-0.6,16,16,0.2,0.5,0.1,0.1,0.4
330,-16,-0.99,-16,-0.1,-0.2,-0.99,1996741777,-0.6,16,16,0.2,0.5,0.1,0.1,0.6
332,-16,-0.99,-16,-0.1,-0.2,-0.99,1996741853,-0.6,16,16,0.2,0.5,0.1,0.1,0.8
334,-16,-0.99,-16,-0.1,-0.2,-0.99,1996741907,-0.6,16,16,0.2,0.5,0.1,0.2,0.1
336,-16,-0.99,-16,-0.1,-0.2,-0.99,1996741963,-0.6,16,16,0.2,0.5,0.1,0.2,0.3
338,-16,-0.99,-16,-0.1,-0.2,-0.99,1996742011,-0.6,16,16,0.2,0.5,0.1,0.2,0.5
340,-16,-0.99,-16,-0.1,-0.2,-0.99,1996742050,-0.6,16,16,0.2,0.5,0.1,0.2,0.7
342,-16,-0.99,-16,-0.1,-0.2,-0.99,1996742102,-0.6,16,16,0.2,0.5,0.1,0.2,0.9
344,-16,-0.99,-16,-0.1,-0.2,-0.99,1996742143,-0.6,16,16,0.2,0.5,0.1,0.3,0.2
346,-16,-0.99,-16,-0.1,-0.2,-0.99,1996742191,-0.6,16,16,0.2,0.5,0.1,0.3,0.4
348,-16,-0.99,-16,-0.1,-0.2,-0.99,1996742231,-0.6,16,16,0.2,0.5,0.1,0.3,0.6
350,-16,-0.99,-16,-0.1,-0.2,-0.99,1996742269,-0.6,16,16,0.2,0.5,0.1,0.3,0.8
352,-16,-0.99,-16,-0.1,-0.2,-0.99,1996742332,-0.6,16,16,0.2,0.5,0.1,0.4,0.1
354,-16,-0.99,-16,-0.1,-0.2,-0.99,1996742378,-0.6,16,16,0.2,0.5,0.1,0.4,0.3
356,-16,-0.99,-16,-0.1,-0.2,-0.99,1996742412,-0.6,16,16,0.2,0.5,0.1,0.4,0.5
358,-16,-0.99,-16,-0.1,-0.2,-0.99,1996742450,-0.6,16,16,0.2,0.5,0.1,0.4,0.7
360,-16,-0.99,-16,-0.1,-0.2,-0.99,1996742512,-0.6,16,16,0.2,0.5,0.1,0.4,0.9
362,-16,-0.99,-16,-0.1,-0.2,-0.99,1996742554,-0.6,16,16,0.2,0.5,0.1,0.5,0.2
364,-16,-0.99,-16,-0.1,-0.2,-0.99,1996742591,-0.6,16,16,0.2,0.5,0.1,0.5,0.4
366,-16,-0.99,-16,-0.1,-0.2,-0.99,1996742638,-0.6,16,16,0.2,0.5,0.1,0.5,0.6
368,-16,-0.99,-16,-0.1,-0.2,-0.99,1996742710,-0.6,16,16,0.2,0.5,0.1,0.5,0.8
370,-16,-0.99,-16,-0.1,-0.2,-0.99,1996742753,-0.6,16,16,0.2,0.5,0.1,0.6,0.1
372,-16,-0.99,-16,-0.1,-0.2,-0.99,1996742795,-0.6,16,16,0.2,0.5,0.1,0.6,0.3
374,-16,-0.99,-16,-0.1,-0.2,-0.99,1996742836,-0.6,16,16,0.2,0.5,0.1,0.6,0.5
376,-16,-0.99,-16,-0.1,-0.2,-0.99,1996742873,-0.6,16,16,0.2,0.5,0.1,0.6,0.7
378,-16,-0.99,-16,-0.1,-0.2,-0.99,1996742918,-0.6,16,16,0.2,0.5,0.1,0.6,0.9
380,-16,-0.99,-16,-0.1,-0.2,-0.99,1996742957,-0.6,16,16,0.2,0.5,0.1,0.7,0.2
382,-16,-0.99,-16,-0.1,-0.2,-0.99,1996743008,-0.6,16,16,0.2,0.5,0.1,0.7,0.4
384,-16,-0.99,-16,-0.1,-0.2,-0.99,1996743050,-0.6,16,16,0.2,0.5,0.1,0.7,0.6
386,-16,-0.99,-16,-0.1,-0.2,-0.99,1996743106,-0.6,16,16,0.2,0.5,0.1,0.7,0.8
388,-16,-0.99,-16,-0.1,-0.2,-0.99,1996743161,-0.6,16,16,0.2,0.5,0.1,0.8,0.1
390,-16,-0.99,-16,-0.1,-0.2,-0.99,1996743207,-0.6,16,16,0.2,0.5,0.1,0.8,0.3
392,-16,-0.99,-16,-0.1,-0.2,-0.99,1996743257,-0.6,16,16,0.2,0.5,0.1,0.8,0.5
394,-16,-0.99,-16,-0.1,-0.2,-0.99,1996743292,-0.6,16,16,0.2,0.5,0.1,0.8,0.7
396,-16,-0.99,-16,-0.1,-0.2,-0.99,1996743350,-0.6,16,16,0.2,0.5,0.1,0.8,0.9
398,-16,-0.99,-16,-0.1,-0.2,-0.99,1996743393,-0.6,16,16,0.2,0.5,0.1,0.9,0.2
400,-16,-0.99,-16,-0.1,-0.2,-0.99,1996743443,-0.6,16,16,0.2,0.5,0.1,0.9,0.4
402,-16,-0.99,-16,-0.1,-0.2,-0.99,1996743478,-0.6,16,16,0.2,0.5,0.1,0.9,0.6
404,-16,-0.99,-16,-0.1,-0.2,-0.99,1996743526,-0.6,16,16,0.2,0.5,0.1,0.9,0.8
406,-16,-0.99,-16,-0.1,-0.2,-0.99,1996743566,-0.6,16,16,0.2,0.6,0.1,0.1,0.1
408,-16,-0.99,-16,-0.1,-0.2,-0.99,1996743603,-0.6,16,16,0.2,0.6,0.1,0.1,0.3
410,-16,-0.99,-16,-0.1,-0.2,-0.99,1996743651,-0.6,16,16,0.2,0.6,0.1,0.1,0.5
412,-16,-0.99,-16,-0.1,-0.2,-0.99,1996743707,-0.6,16,16,0.2,0.6,0.1,0.1,0.7
414,-16,-0.99,-16,-0.1,-0.2,-0.99,1996743748,-0.6,16,16,0.2,0.6,0.1,0.1,0.9
416,-16,-0.99,-16,-0.1,-0.2,-0.99,1996743788,-0.6,16,16,0.2,0.6,0.1,0.2,0.2
418,-16,-0.99,-16,-0.1,-0.2,-0.99,1996743823,-0.6,16,16,0.2,0.6,0.1,0.2,0.4
420,-16,-0.99,-16,-0.1,-0.2,-0.99,1996743880,-0.6,16,16,0.2,0.6,0.1,0.2,0.6
422,-16,-0.99,-16,-0.1,-0.2,-0.99,1996743935,-0.6,16,16,0.2,0.6,0.1,0.2,0.8
424,-16,-0.99,-16,-0.1,-0.2,-0.99,1996743975,-0.6,16,16,0.2,0.6,0.1,0.3,0.1
426,-16,-0.99,-16,-0.1,-0.2,-0.99,1996744020,-0.6,16,16,0.2,0.6,0.1,0.3,0.3
428,-16,-0.99,-16,-0.1,-0.2,-0.99,1996744053,-0.6,16,16,0.2,0.6,0.1,0.3,0.5
430,-16,-0.99,-16,-0.1,-0.2,-0.99,1996744104,-0.6,16,16,0.2,0.6,0.1,0.3,0.7
432,-16,-0.99,-16,-0.1,-0.2,-0.99,1996744149,-0.6,16,16,0.2,0.6,0.1,0.3,0.9
434,-16,-0.99,-16,-0.1,-0.2,-0.99,1996744205,-0.6,16,16,0.2,0.6,0.1,0.4,0.2
436,-16,-0.99,-16,-0.1,-0.2,-0.99,1996744238,-0.6,16,16,0.2,0.6,0.1,0.4,0.4
438,-16,-0.99,-16,-0.1,-0.2,-0.99,1996744283,-0.6,16,16,0.2,0.6,0.1,0.4,0.6
440,-16,-0.99,-16,-0.1,-0.2,-0.99,1996744353,-0.6,16,16,0.2,0.6,0.1,0.4,0.8
442,-16,-0.99,-16,-0.1,-0.2,-0.99,1996744407,-0.6,16,16,0.2,0.6,0.1,0.5,0.1
444,-16,-0.99,-16,-0.1,-0.2,-0.99,1996744454,-0.6,16,16,0.2,0.6,0.1,0.5,0.3
446,-16,-0.99,-16,-0.1,-0.2,-0.99,1996744509,-0.6,16,16,0.2,0.6,0.1,0.5,0.5
448,-16,-0.99,-16,-0.1,-0.2,-0.99,1996744545,-0.6,16,16,0.2,0.6,0.1,0.5,0.7
450,-16,-0.99,-16,-0.1,-0.2,-0.99,1996744600,-0.6,16,16,0.2,0.6,0.1,0.5,0.9
452,-16,-0.99,-16,-0.1,-0.2,-0.99,1996744631,-0.6,16,16,0.2,0.6,0.1,0.6,0.2
454,-16,-0.99,-16,-0.1,-0.2,-0.99,1996744698,-0.6,16,16,0.2,0.6,0.1,0.6,0.4
456,-16,-0.99,-16,-0.1,-0.2,-0.99,1996744761,-0.6,16,16,0.2,0.6,0.1,0.6,0.6
458,-16,-0.99,-16,-0.1,-0.2,-0.99,1996744795,-0.6,16,16,0.2,0.6,0.1,0.6,0.8
460,-16,-0.99,-16,-0.1,-0.2,-0.99,1996744839,-0.6,16,16,0.2,0.6,0.1,0.7,0.1
462,-16,-0.99,-16,-0.1,-0.2,-0.99,1996744892,-0.6,16,16,0.2,0.6,0.1,0.7,0.3
464,-16,-0.99,-16,-0.1,-0.2,-0.99,1996744958,-0.6,16,16,0.2,0.6,0.1,0.7,0.5
466,-16,-0.99,-16,-0.1,-0.2,-0.99,1996745020,-0.6,16,16,0.2,0.6,0.1,0.7,0.7
468,-16,-0.99,-16,-0.1,-0.2,-0.99,1996745094,-0.6,16,16,0.2,0.6,0.1,0.7,0.9
470,-16,-0.99,-16,-0.1,-0.2,-0.99,1996745168,-0.6,16,16,0.2,0.6,0.1,0.8,0.2
472,-16,-0.99,-16,-0.1,-0.2,-0.99,1996745251,-0.6,16,16,0.2,0.6,0.1,0.8,0.4
474,-16,-0.99,-16,-0.1,-0.2,-0.99,1996745287,-0.6,16,16,0.2,0.6,0.1,0.8,0.6
476,-16,-0.99,-16,-0.1,-0.2,-0.99,1996745339,-0.6,16,16,0.2,0.6,0.1,0.8,0.8
478,-16,-0.99,-16,-0.1,-0.2,-0.99,1996745387,-0.6,16,16,0.2,0.6,0.1,0.9,0.1
480,-16,-0.99,-16,-0.1,-0.2,-0.99,1996745424,-0.6,16,16,0.2,0.6,0.1,0.9,0.3
482,-16,-0.99,-16,-0.1,-0.2,-0.99,1996745469,-0.6,16,16,0.2,0.6,0.1,0.9,0.5
484,-16,-0.99,-16,-0.1,-0.2,-0.99,1996745516,-0.6,16,16,0.2,0.6,0.1,0.9,0.7
486,-16,-0.99,-16,-0.1,-0.2,-0.99,1996745548,-0.6,16,16,0.2,0.6,0.1,0.9,0.9
488,-16,-0.99,-16,-0.1,-0.2,-0.99,1996745589,-0.6,16,16,0.2,0.7,0.1,0.1,0.2
490,-16,-0.99,-16,-0.1,-0.2,-0.99,1996745681,-0.6,16,16,0.2,0.7,0.1,0.1,0.4
492,-16,-0.99,-16,-0.1,-0.2,-0.99,1996745715,-0.6,16,16,0.2,0.7,0.1,0.1,0.6
494,-16,-0.99,-16,-0.1,-0.2,-0.99,1996745769,-0.6,16,16,0.2,0.7,0.1,0.1,0.8
496,-16,-0.99,-16,-0.1,-0.2,-0.99,1996745806,-0.6,16,16,0.2,0.7,0.1,0.2,0.1
498,-16,-0.99,-16,-0.1,-0.2,-0.99,1996745847,-0.6,16,16,0.2,0.7,0.1,0.2,0.3
500,-16,-0.99,-16,-0.1,-0.2,-0.99,1996745895,-0.6,16,16,0.2,0.7,0.1,0.2,0.5
502,-16,-0.99,-16,-0.1,-0.2,-0.99,1996745931,-0.6,16,16,0.2,0.7,0.1,0.2,0.7
504,-16,-0.99,-16,-0.1,-0.2,-0.99,1996745969,-0.6,16,16,0.2,0.7,0.1,0.2,0.9
506,-16,-0.99,-16,-0.1,-0.2,-0.99,1996746020,-0.6,16,16,0.2,0.7,0.1,0.3,0.2
508,-16,-0.99,-16,-0.1,-0.2,-0.99,1996746058,-0.6,16,16,0.2,0.7,0.1,0.3,0.4
510,-16,-0.99,-16,-0.1,-0.2,-0.99,1996746117,-0.6,16,16,0.2,0.7,0.1,0.3,0.6
512,-16,-0.99,-16,-0.1,-0.2,-0.99,1996746172,-0.6,16,16,0.2,0.7,0.1,0.3,0.8
514,-16,-0.99,-16,-0.1,-0.2,-0.99,1996746264,-0.6,16,16,0.2,0.7,0.1,0.4,0.1
516,-16,-0.99,-16,-0.1,-0.2,-0.99,1996746315,-0.6,16,16,0.2,0.7,0.1,0.4,0.3
518,-16,-0.99,-16,-0.1,-0.2,-0.99,1996746354,-0.6,16,16,0.2,0.7,0.1,0.4,0.5
520,-16,-0.99,-16,-0.1,-0.2,-0.99,1996746390,-0.6,16,16,0.2,0.7,0.1,0.4,0.7
522,-16,-0.99,-16,-0.1,-0.2,-0.99,1996746440,-0.6,16,16,0.2,0.7,0.1,0.4,0.9
524,-16,-0.99,-16,-0.1,-0.2,-0.99,1996746477,-0.6,16,16,0.2,0.7,0.1,0.5,0.2
526,-16,-0.99,-16,-0.1,-0.2,-0.99,1996746555,-0.6,16,16,0.2,0.7,0.1,0.5,0.4
528,-16,-0.99,-16,-0.1,-0.2,-0.99,1996746604,-0.6,16,16,0.2,0.7,0.1,0.5,0.6
530,-16,-0.99,-16,-0.1,-0.2,-0.99,1996746640,-0.6,16,16,0.2,0.7,0.1,0.5,0.8
532,-16,-0.99,-16,-0.1,-0.2,-0.99,1996746682,-0.6,16,16,0.2,0.7,0.1,0.6,0.1
534,-16,-0.99,-16,-0.1,-0.2,-0.99,1996746725,-0.6,16,16,0.2,0.7,0.1,0.6,0.3
536,-16,-0.99,-16,-0.1,-0.2,-0.99,1996746770,-0.6,16,16,0.2,0.7,0.1,0.6,0.5
538,-16,-0.99,-16,-0.1,-0.2,-0.99,1996746839,-0.6,16,16,0.2,0.7,0.1,0.6,0.7
540,-16,-0.99,-16,-0.1,-0.2,-0.99,1996747042,-0.6,16,16,0.2,0.7,0.1,0.6,0.9
542,-16,-0.99,-16,-0.1,-0.2,-0.99,1996747093,-0.6,16,16,0.2,0.7,0.1,0.7,0.2
544,-16,-0.99,-16,-0.1,-0.2,-0.99,1996747136,-0.6,16,16,0.2,0.7,0.1,0.7,0.4
546,-16,-0.99,-16,-0.1,-0.2,-0.99,1996747187,-0.6,16,16,0.2,0.7,0.1,0.7,0.6
548,-16,-0.99,-16,-0.1,-0.2,-0.99,1996747240,-0.6,16,16,0.2,0.7,0.1,0.7,0.8
550,-16,-0.99,-16,-0.1,-0.2,-0.99,1996747291,-0.6,16,16,0.2,0.7,0.1,0.8,0.1
552,-16,-0.99,-16,-0.1,-0.2,-0.99,1996747335,-0.6,16,16,0.2,0.7,0.1,0.8,0.3
554,-16,-0.99,-16,-0.1,-0.2,-0.99,1996747393,-0.6,16,16,0.2,0.7,0.1,0.8,0.5
556,-16,-0.99,-16,-0.1,-0.2,-0.99,1996747436,-0.6,16,16,0.2,0.7,0.1,0.8,0.7
558,-16,-0.99,-16,-0.1,-0.2,-0.99,1996747484,-0.6,16,16,0.2,0.7,0.1,0.8,0.9
560,-16,-0.99,-16,-0.1,-0.2,-0.99,1996747523,-0.6,16,16,0.2,0.7,0.1,0.9,0.2
562,-16,-0.99,-16,-0.1,-0.2,-0.99,1996747618,-0.6,16,16,0.2,0.7,0.1,0.9,0.4
564,-16,-0.99,-16,-0.1,-0.2,-0.99,1996747667,-0.6,16,16,0.2,0.7,0.1,0.9,0.6
566,-16,-0.99,-16,-0.1,-0.2,-0.99,1996747743,-0.6,16,16,0.2,0.7,0.1,0.9,0.8
568,-16,-0.99,-16,-0.1,-0.2,-0.99,1996747847,-0.6,16,16,0.2,0.8,0.1,0.1,0.1
570,-16,-0.99,-16,-0.1,-0.2,-0.99,1996747991,-0.6,16,16,0.2,0.8,0.1,0.1,0.3
572,-16,-0.99,-16,-0.1,-0.2,-0.99,1996748065,-0.6,16,16,0.2,0.8,0.1,0.1,0.5
574,-16,-0.99,-16,-0.1,-0.2,-0.99,1996748113,-0.6,16,16,0.2,0.8,0.1,0.1,0.7
576,-16,-0.99,-16,-0.1,-0.2,-0.99,1996748182,-0.6,16,16,0.2,0.8,0.1,0.1,0.9
578,-16,-0.99,-16,-0.1,-0.2,-0.99,1996748235,-0.6,16,16,0.2,0.8,0.1,0.2,0.2
580,-16,-0.99,-16,-0.1,-0.2,-0.99,1996748331,-0.6,16,16,0.2,0.8,0.1,0.2,0.4
582,-16,-0.99,-16,-0.1,-0.2,-0.99,1996748505,-0.6,16,16,0.2,0.8,0.1,0.2,0.6
584,-16,-0.99,-16,-0.1,-0.2,-0.99,1996748566,-0.6,16,16,0.2,0.8,0.1,0.2,0.8
586,-16,-0.99,-16,-0.1,-0.2,-0.99,1996748629,-0.6,16,16,0.2,0.8,0.1,0.3,0.1
588,-16,-0.99,-16,-0.1,-0.2,-0.99,1996748675,-0.6,16,16,0.2,0.8,0.1,0.3,0.3
590,-16,-0.99,-16,-0.1,-0.2,-0.99,1996748719,-0.6,16,16,0.2,0.8,0.1,0.3,0.5
592,-16,-0.99,-16,-0.1,-0.2,-0.99,1996748854,-0.6,16,16,0.2,0.8,0.1,0.3,0.7
594,-16,-0.99,-16,-0.1,-0.2,-0.99,1996748934,-0.6,16,16,0.2,0.8,0.1,0.3,0.9
596,-16,-0.99,-16,-0.1,-0.2,-0.99,1996748983,-0.6,16,16,0.2,0.8,0.1,0.4,0.2
598,-16,-0.99,-16,-0.1,-0.2,-0.99,1996749074,-0.6,16,16,0.2,0.8,0.1,0.4,0.4
600,-16,-0.99,-16,-0.1,-0.2,-0.99,1996749131,-0.6,16,16,0.2,0.8,0.1,0.4,0.6
602,-16,-0.99,-16,-0.1,-0.2,-0.99,1996749225,-0.6,16,16,0.2,0.8,0.1,0.4,0.8
604,-16,-0.99,-16,-0.1,-0.2,-0.99,1996749293,-0.6,16,16,0.2,0.8,0.1,0.5,0.1
606,-16,-0.99,-16,-0.1,-0.2,-0.99,1996749349,-0.6,16,16,0.2,0.8,0.1,0.5,0.3
608,-16,-0.99,-16,-0.1,-0.2,-0.99,1996749396,-0.6,16,16,0.2,0.8,0.1,0.5,0.5
610,-16,-0.99,-16,-0.1,-0.2,-0.99,1996749434,-0.6,16,16,0.2,0.8,0.1,0.5,0.7
612,-16,-0.99,-16,-0.1,-0.2,-0.99,1996749470,-0.6,16,16,0.2,0.8,0.1,0.5,0.9
614,-16,-0.99,-16,-0.1,-0.2,-0.99,1996749521,-0.6,16,16,0.2,0.8,0.1,0.6,0.2
616,-16,-0.99,-16,-0.1,-0.2,-0.99,1996749562,-0.6,16,16,0.2,0.8,0.1,0.6,0.4
618,-16,-0.99,-16,-0.1,-0.2,-0.99,1996749624,-0.6,16,16,0.2,0.8,0.1,0.6,0.6
620,-16,-0.99,-16,-0.1,-0.2,-0.99,1996749665,-0.6,16,16,0.2,0.8,0.1,0.6,0.8
622,-16,-0.99,-16,-0.1,-0.2,-0.99,1996749700,-0.6,16,16,0.2,0.8,0.1,0.7,0.1
624,-16,-0.99,-16,-0.1,-0.2,-0.99,1996749747,-0.6,16,16,0.2,0.8,0.1,0.7,0.3
626,-16,-0.99,-16,-0.1,-0.2,-0.99,1996749785,-0.6,16,16,0.2,0.8,0.1,0.7,0.5
628,-16,-0.99,-16,-0.1,-0.2,-0.99,1996749847,-0.6,16,16,0.2,0.8,0.1,0.7,0.7
630,-16,-0.99,-16,-0.1,-0.2,-0.99,1996749906,-0.6,16,16,0.2,0.8,0.1,0.7,0.9
632,-16,-0.99,-16,-0.1,-0.2,-0.99,1996749946,-0.6,16,16,0.2,0.8,0.1,0.8,0.2
634,-16,-0.99,-16,-0.1,-0.2,-0.99,1996749988,-0.6,16,16,0.2,0.8,0.1,0.8,0.4
636,-16,-0.99,-16,-0.1,-0.2,-0.99,1996750022,-0.6,16,16,0.2,0.8,0.1,0.8,0.6
638,-16,-0.99,-16,-0.1,-0.2,-0.99,1996750059,-0.6,16,16,0.2,0.8,0.1,0.8,0.8
640,-16,-0.99,-16,-0.1,-0.2,-0.99,1996750106,-0.6,16,16,0.2,0.8,0.1,0.9,0.1
642,-16,-0.99,-16,-0.1,-0.2,-0.99,1996750157,-0.6,16,16,0.2,0.8,0.1,0.9,0.3
644,-16,-0.99,-16,-0.1,-0.2,-0.99,1996750223,-0.6,16,16,0.2,0.8,0.1,0.9,0.5
646,-16,-0.99,-16,-0.1,-0.2,-0.99,1996750275,-0.6,16,16,0.2,0.8,0.1,0.9,0.7
648,-16,-0.99,-16,-0.1,-0.2,-0.99,1996750320,-0.6,16,16,0.2,0.8,0.1,0.9,0.9
650,-16,-0.99,-16,-0.1,-0.2,-0.99,1996750366,-0.6,16,16,0.2,0.9,0.1,0.1,0.2
652,-16,-0.99,-16,-0.1,-0.2,-0.99,1996750407,-0.6,16,16,0.2,0.9,0.1,0.1,0.4
654,-16,-0.99,-16,-0.1,-0.2,-0.99,1996750448,-0.6,16,16,0.2,0.9,0.1,0.1,0.6
656,-16,-0.99,-16,-0.1,-0.2,-0.99,1996750485,-0.6,16,16,0.2,0.9,0.1,0.1,0.8
658,-16,-0.99,-16,-0.1,-0.2,-0.99,1996750532,-0.6,16,16,0.2,0.9,0.1,0.2,0.1
660,-16,-0.99,-16,-0.1,-0.2,-0.99,1996750580,-0.6,16,16,0.2,0.9,0.1,0.2,0.3
662,-16,-0.99,-16,-0.1,-0.2,-0.99,1996750618,-0.6,16,16,0.2,0.9,0.1,0.2,0.5
664,-16,-0.99,-16,-0.1,-0.2,-0.99,1996750657,-0.6,16,16,0.2,0.9,0.1,0.2,0.7
666,-16,-0.99,-16,-0.1,-0.2,-0.99,1996750709,-0.6,16,16,0.2,0.9,0.1,0.2,0.9
668,-16,-0.99,-16,-0.1,-0.2,-0.99,1996750750,-0.6,16,16,0.2,0.9,0.1,0.3,0.2
670,-16,-0.99,-16,-0.1,-0.2,-0.99,1996750809,-0.6,16,16,0.2,0.9,0.1,0.3,0.4
672,-16,-0.99,-16,-0.1,-0.2,-0.99,1996750849,-0.6,16,16,0.2,0.9,0.1,0.3,0.6
674,-16,-0.99,-16,-0.1,-0.2,-0.99,1996751187,-0.6,16,16,0.2,0.9,0.1,0.3,0.8
676,-16,-0.99,-16,-0.1,-0.2,-0.99,1996751240,-0.6,16,16,0.2,0.9,0.1,0.4,0.1
678,-16,-0.99,-16,-0.1,-0.2,-0.99,1996751307,-0.6,16,16,0.2,0.9,0.1,0.4,0.3
680,-16,-0.99,-16,-0.1,-0.2,-0.99,1996751340,-0.6,16,16,0.2,0.9,0.1,0.4,0.5
682,-16,-0.99,-16,-0.1,-0.2,-0.99,1996751382,-0.6,16,16,0.2,0.9,0.1,0.4,0.7
684,-16,-0.99,-16,-0.1,-0.2,-0.99,1996751446,-0.6,16,16,0.2,0.9,0.1,0.4,0.9
686,-16,-0.99,-16,-0.1,-0.2,-0.99,1996751486,-0.6,16,16,0.2,0.9,0.1,0.5,0.2
688,-16,-0.99,-16,-0.1,-0.2,-0.99,1996751545,-0.6,16,16,0.2,0.9,0.1,0.5,0.4
690,-16,-0.99,-16,-0.1,-0.2,-0.99,1996751593,-0.6,16,16,0.2,0.9,0.1,0.5,0.6
692,-16,-0.99,-16,-0.1,-0.2,-0.99,1996751668,-0.6,16,16,0.2,0.9,0.1,0.5,0.8
694,-16,-0.99,-16,-0.1,-0.2,-0.99,1996751707,-0.6,16,16,0.2,0.9,0.1,0.6,0.1
696,-16,-0.99,-16,-0.1,-0.2,-0.99,1996751757,-0.6,16,16,0.2,0.9,0.1,0.6,0.3
698,-16,-0.99,-16,-0.1,-0.2,-0.99,1996751805,-0.6,16,16,0.2,0.9,0.1,0.6,0.5
700,-16,-0.99,-16,-0.1,-0.2,-0.99,1996751855,-0.6,16,16,0.2,0.9,0.1,0.6,0.7
702,-16,-0.99,-16,-0.1,-0.2,-0.99,1996751902,-0.6,16,16,0.2,0.9,0.1,0.6,0.9
704,-16,-0.99,-16,-0.1,-0.2,-0.99,1996751965,-0.6,16,16,0.2,0.9,0.1,0.7,0.2
706,-16,-0.99,-16,-0.1,-0.2,-0.99,1996752034,-0.6,16,16,0.2,0.9,0.1,0.7,0.4
708,-16,-0.99,-16,-0.1,-0.2,-0.99,1996752075,-0.6,16,16,0.2,0.9,0.1,0.7,0.6
710,-16,-0.99,-16,-0.1,-0.2,-0.99,1996752118,-0.6,16,16,0.2,0.9,0.1,0.7,0.8
712,-16,-0.99,-16,-0.1,-0.2,-0.99,1996752169,-0.6,16,16,0.2,0.9,0.1,0.8,0.1
714,-16,-0.99,-16,-0.1,-0.2,-0.99,1996752205,-0.6,16,16,0.2,0.9,0.1,0.8,0.3
716,-16,-0.99,-16,-0.1,-0.2,-0.99,1996752260,-0.6,16,16,0.2,0.9,0.1,0.8,0.5
718,-16,-0.99,-16,-0.1,-0.2,-0.99,1996752330,-0.6,16,16,0.2,0.9,0.1,0.8,0.7
720,-16,-0.99,-16,-0.1,-0.2,-0.99,1996752376,-0.6,16,16,0.2,0.9,0.1,0.8,0.9
722,-16,-0.99,-16,-0.1,-0.2,-0.99,1996752431,-0.6,16,16,0.2,0.9,0.1,0.9,0.2
724,-16,-0.99,-16,-0.1,-0.2,-0.99,1996752467,-0.6,16,16,0.2,0.9,0.1,0.9,0.4
726,-16,-0.99,-16,-0.1,-0.2,-0.99,1996752520,-0.6,16,16,0.2,0.9,0.1,0.9,0.6
728,-16,-0.99,-16,-0.1,-0.2,-0.99,1996752585,-0.6,16,16,0.2,0.9,0.1,0.9,0.8
