"run","default_observer_minPycor","DI_f_2","default_observer_minPxcor","DO_f_3","DO_f_2","DI_doublefail","randomSeed","DO_doublefail","default_observer_maxPycor","default_observer_maxPxcor","DI_s_3","DI_s_2","DI_f_3","DO_s_3","DO_s_2"
1,-16,-0.99,-16,-0.1,-0.2,-0.99,1997749456,-0.6,16,16,0.2,0.1,0.1,0.1,0.1
3,-16,-0.99,-16,-0.1,-0.2,-0.99,1997751849,-0.6,16,16,0.2,0.1,0.1,0.1,0.3
5,-16,-0.99,-16,-0.1,-0.2,-0.99,1997752726,-0.6,16,16,0.2,0.1,0.1,0.1,0.5
7,-16,-0.99,-16,-0.1,-0.2,-0.99,1997753557,-0.6,16,16,0.2,0.1,0.1,0.1,0.7
9,-16,-0.99,-16,-0.1,-0.2,-0.99,1997754134,-0.6,16,16,0.2,0.1,0.1,0.1,0.9
11,-16,-0.99,-16,-0.1,-0.2,-0.99,1997754607,-0.6,16,16,0.2,0.1,0.1,0.2,0.2
13,-16,-0.99,-16,-0.1,-0.2,-0.99,1997755278,-0.6,16,16,0.2,0.1,0.1,0.2,0.4
15,-16,-0.99,-16,-0.1,-0.2,-0.99,1997755505,-0.6,16,16,0.2,0.1,0.1,0.2,0.6
17,-16,-0.99,-16,-0.1,-0.2,-0.99,1997755768,-0.6,16,16,0.2,0.1,0.1,0.2,0.8
19,-16,-0.99,-16,-0.1,-0.2,-0.99,1997755973,-0.6,16,16,0.2,0.1,0.1,0.3,0.1
21,-16,-0.99,-16,-0.1,-0.2,-0.99,1997756081,-0.6,16,16,0.2,0.1,0.1,0.3,0.3
23,-16,-0.99,-16,-0.1,-0.2,-0.99,1997756207,-0.6,16,16,0.2,0.1,0.1,0.3,0.5
25,-16,-0.99,-16,-0.1,-0.2,-0.99,1997756741,-0.6,16,16,0.2,0.1,0.1,0.3,0.7
27,-16,-0.99,-16,-0.1,-0.2,-0.99,1997756873,-0.6,16,16,0.2,0.1,0.1,0.3,0.9
29,-16,-0.99,-16,-0.1,-0.2,-0.99,1997756977,-0.6,16,16,0.2,0.1,0.1,0.4,0.2
31,-16,-0.99,-16,-0.1,-0.2,-0.99,1997757099,-0.6,16,16,0.2,0.1,0.1,0.4,0.4
33,-16,-0.99,-16,-0.1,-0.2,-0.99,1997757257,-0.6,16,16,0.2,0.1,0.1,0.4,0.6
35,-16,-0.99,-16,-0.1,-0.2,-0.99,1997757380,-0.6,16,16,0.2,0.1,0.1,0.4,0.8
37,-16,-0.99,-16,-0.1,-0.2,-0.99,1997757446,-0.6,16,16,0.2,0.1,0.1,0.5,0.1
39,-16,-0.99,-16,-0.1,-0.2,-0.99,1997757544,-0.6,16,16,0.2,0.1,0.1,0.5,0.3
41,-16,-0.99,-16,-0.1,-0.2,-0.99,1997757639,-0.6,16,16,0.2,0.1,0.1,0.5,0.5
43,-16,-0.99,-16,-0.1,-0.2,-0.99,1997757706,-0.6,16,16,0.2,0.1,0.1,0.5,0.7
45,-16,-0.99,-16,-0.1,-0.2,-0.99,1997757840,-0.6,16,16,0.2,0.1,0.1,0.5,0.9
47,-16,-0.99,-16,-0.1,-0.2,-0.99,1997757903,-0.6,16,16,0.2,0.1,0.1,0.6,0.2
49,-16,-0.99,-16,-0.1,-0.2,-0.99,1997758055,-0.6,16,16,0.2,0.1,0.1,0.6,0.4
51,-16,-0.99,-16,-0.1,-0.2,-0.99,1997758126,-0.6,16,16,0.2,0.1,0.1,0.6,0.6
53,-16,-0.99,-16,-0.1,-0.2,-0.99,1997758190,-0.6,16,16,0.2,0.1,0.1,0.6,0.8
55,-16,-0.99,-16,-0.1,-0.2,-0.99,1997758314,-0.6,16,16,0.2,0.1,0.1,0.7,0.1
57,-16,-0.99,-16,-0.1,-0.2,-0.99,1997758426,-0.6,16,16,0.2,0.1,0.1,0.7,0.3
59,-16,-0.99,-16,-0.1,-0.2,-0.99,1997758544,-0.6,16,16,0.2,0.1,0.1,0.7,0.5
61,-16,-0.99,-16,-0.1,-0.2,-0.99,1997758604,-0.6,16,16,0.2,0.1,0.1,0.7,0.7
63,-16,-0.99,-16,-0.1,-0.2,-0.99,1997758666,-0.6,16,16,0.2,0.1,0.1,0.7,0.9
65,-16,-0.99,-16,-0.1,-0.2,-0.99,1997758765,-0.6,16,16,0.2,0.1,0.1,0.8,0.2
67,-16,-0.99,-16,-0.1,-0.2,-0.99,1997758906,-0.6,16,16,0.2,0.1,0.1,0.8,0.4
69,-16,-0.99,-16,-0.1,-0.2,-0.99,1997758972,-0.6,16,16,0.2,0.1,0.1,0.8,0.6
71,-16,-0.99,-16,-0.1,-0.2,-0.99,1997759044,-0.6,16,16,0.2,0.1,0.1,0.8,0.8
73,-16,-0.99,-16,-0.1,-0.2,-0.99,1997759114,-0.6,16,16,0.2,0.1,0.1,0.9,0.1
75,-16,-0.99,-16,-0.1,-0.2,-0.99,1997759167,-0.6,16,16,0.2,0.1,0.1,0.9,0.3
77,-16,-0.99,-16,-0.1,-0.2,-0.99,1997759248,-0.6,16,16,0.2,0.1,0.1,0.9,0.5
79,-16,-0.99,-16,-0.1,-0.2,-0.99,1997759331,-0.6,16,16,0.2,0.1,0.1,0.9,0.7
81,-16,-0.99,-16,-0.1,-0.2,-0.99,1997759490,-0.6,16,16,0.2,0.1,0.1,0.9,0.9
83,-16,-0.99,-16,-0.1,-0.2,-0.99,1997759605,-0.6,16,16,0.2,0.2,0.1,0.1,0.2
85,-16,-0.99,-16,-0.1,-0.2,-0.99,1997759736,-0.6,16,16,0.2,0.2,0.1,0.1,0.4
87,-16,-0.99,-16,-0.1,-0.2,-0.99,1997759830,-0.6,16,16,0.2,0.2,0.1,0.1,0.6
89,-16,-0.99,-16,-0.1,-0.2,-0.99,1997759900,-0.6,16,16,0.2,0.2,0.1,0.1,0.8
91,-16,-0.99,-16,-0.1,-0.2,-0.99,1997759960,-0.6,16,16,0.2,0.2,0.1,0.2,0.1
93,-16,-0.99,-16,-0.1,-0.2,-0.99,1997760025,-0.6,16,16,0.2,0.2,0.1,0.2,0.3
95,-16,-0.99,-16,-0.1,-0.2,-0.99,1997760103,-0.6,16,16,0.2,0.2,0.1,0.2,0.5
97,-16,-0.99,-16,-0.1,-0.2,-0.99,1997760168,-0.6,16,16,0.2,0.2,0.1,0.2,0.7
99,-16,-0.99,-16,-0.1,-0.2,-0.99,1997760231,-0.6,16,16,0.2,0.2,0.1,0.2,0.9
101,-16,-0.99,-16,-0.1,-0.2,-0.99,1997760299,-0.6,16,16,0.2,0.2,0.1,0.3,0.2
103,-16,-0.99,-16,-0.1,-0.2,-0.99,1997760389,-0.6,16,16,0.2,0.2,0.1,0.3,0.4
105,-16,-0.99,-16,-0.1,-0.2,-0.99,1997760526,-0.6,16,16,0.2,0.2,0.1,0.3,0.6
107,-16,-0.99,-16,-0.1,-0.2,-0.99,1997760582,-0.6,16,16,0.2,0.2,0.1,0.3,0.8
109,-16,-0.99,-16,-0.1,-0.2,-0.99,1997760704,-0.6,16,16,0.2,0.2,0.1,0.4,0.1
111,-16,-0.99,-16,-0.1,-0.2,-0.99,1997760793,-0.6,16,16,0.2,0.2,0.1,0.4,0.3
113,-16,-0.99,-16,-0.1,-0.2,-0.99,1997760859,-0.6,16,16,0.2,0.2,0.1,0.4,0.5
115,-16,-0.99,-16,-0.1,-0.2,-0.99,1997760928,-0.6,16,16,0.2,0.2,0.1,0.4,0.7
117,-16,-0.99,-16,-0.1,-0.2,-0.99,1997761006,-0.6,16,16,0.2,0.2,0.1,0.4,0.9
119,-16,-0.99,-16,-0.1,-0.2,-0.99,1997761069,-0.6,16,16,0.2,0.2,0.1,0.5,0.2
121,-16,-0.99,-16,-0.1,-0.2,-0.99,1997761120,-0.6,16,16,0.2,0.2,0.1,0.5,0.4
123,-16,-0.99,-16,-0.1,-0.2,-0.99,1997761194,-0.6,16,16,0.2,0.2,0.1,0.5,0.6
125,-16,-0.99,-16,-0.1,-0.2,-0.99,1997761287,-0.6,16,16,0.2,0.2,0.1,0.5,0.8
127,-16,-0.99,-16,-0.1,-0.2,-0.99,1997761370,-0.6,16,16,0.2,0.2,0.1,0.6,0.1
129,-16,-0.99,-16,-0.1,-0.2,-0.99,1997761423,-0.6,16,16,0.2,0.2,0.1,0.6,0.3
131,-16,-0.99,-16,-0.1,-0.2,-0.99,1997761497,-0.6,16,16,0.2,0.2,0.1,0.6,0.5
133,-16,-0.99,-16,-0.1,-0.2,-0.99,1997761541,-0.6,16,16,0.2,0.2,0.1,0.6,0.7
135,-16,-0.99,-16,-0.1,-0.2,-0.99,1997761602,-0.6,16,16,0.2,0.2,0.1,0.6,0.9
137,-16,-0.99,-16,-0.1,-0.2,-0.99,1997761651,-0.6,16,16,0.2,0.2,0.1,0.7,0.2
139,-16,-0.99,-16,-0.1,-0.2,-0.99,1997761709,-0.6,16,16,0.2,0.2,0.1,0.7,0.4
141,-16,-0.99,-16,-0.1,-0.2,-0.99,1997761750,-0.6,16,16,0.2,0.2,0.1,0.7,0.6
143,-16,-0.99,-16,-0.1,-0.2,-0.99,1997761806,-0.6,16,16,0.2,0.2,0.1,0.7,0.8
145,-16,-0.99,-16,-0.1,-0.2,-0.99,1997761890,-0.6,16,16,0.2,0.2,0.1,0.8,0.1
147,-16,-0.99,-16,-0.1,-0.2,-0.99,1997761944,-0.6,16,16,0.2,0.2,0.1,0.8,0.3
149,-16,-0.99,-16,-0.1,-0.2,-0.99,1997762066,-0.6,16,16,0.2,0.2,0.1,0.8,0.5
151,-16,-0.99,-16,-0.1,-0.2,-0.99,1997762147,-0.6,16,16,0.2,0.2,0.1,0.8,0.7
153,-16,-0.99,-16,-0.1,-0.2,-0.99,1997762261,-0.6,16,16,0.2,0.2,0.1,0.8,0.9
155,-16,-0.99,-16,-0.1,-0.2,-0.99,1997762453,-0.6,16,16,0.2,0.2,0.1,0.9,0.2
157,-16,-0.99,-16,-0.1,-0.2,-0.99,1997762533,-0.6,16,16,0.2,0.2,0.1,0.9,0.4
159,-16,-0.99,-16,-0.1,-0.2,-0.99,1997762579,-0.6,16,16,0.2,0.2,0.1,0.9,0.6
161,-16,-0.99,-16,-0.1,-0.2,-0.99,1997762630,-0.6,16,16,0.2,0.2,0.1,0.9,0.8
163,-16,-0.99,-16,-0.1,-0.2,-0.99,1997762676,-0.6,16,16,0.2,0.3,0.1,0.1,0.1
165,-16,-0.99,-16,-0.1,-0.2,-0.99,1997762726,-0.6,16,16,0.2,0.3,0.1,0.1,0.3
167,-16,-0.99,-16,-0.1,-0.2,-0.99,1997762779,-0.6,16,16,0.2,0.3,0.1,0.1,0.5
169,-16,-0.99,-16,-0.1,-0.2,-0.99,1997762828,-0.6,16,16,0.2,0.3,0.1,0.1,0.7
171,-16,-0.99,-16,-0.1,-0.2,-0.99,1997762873,-0.6,16,16,0.2,0.3,0.1,0.1,0.9
173,-16,-0.99,-16,-0.1,-0.2,-0.99,1997762932,-0.6,16,16,0.2,0.3,0.1,0.2,0.2
175,-16,-0.99,-16,-0.1,-0.2,-0.99,1997762969,-0.6,16,16,0.2,0.3,0.1,0.2,0.4
177,-16,-0.99,-16,-0.1,-0.2,-0.99,1997763041,-0.6,16,16,0.2,0.3,0.1,0.2,0.6
179,-16,-0.99,-16,-0.1,-0.2,-0.99,1997763094,-0.6,16,16,0.2,0.3,0.1,0.2,0.8
181,-16,-0.99,-16,-0.1,-0.2,-0.99,1997763186,-0.6,16,16,0.2,0.3,0.1,0.3,0.1
183,-16,-0.99,-16,-0.1,-0.2,-0.99,1997763285,-0.6,16,16,0.2,0.3,0.1,0.3,0.3
185,-16,-0.99,-16,-0.1,-0.2,-0.99,1997763348,-0.6,16,16,0.2,0.3,0.1,0.3,0.5
187,-16,-0.99,-16,-0.1,-0.2,-0.99,1997763392,-0.6,16,16,0.2,0.3,0.1,0.3,0.7
189,-16,-0.99,-16,-0.1,-0.2,-0.99,1997763480,-0.6,16,16,0.2,0.3,0.1,0.3,0.9
191,-16,-0.99,-16,-0.1,-0.2,-0.99,1997763569,-0.6,16,16,0.2,0.3,0.1,0.4,0.2
193,-16,-0.99,-16,-0.1,-0.2,-0.99,1997763651,-0.6,16,16,0.2,0.3,0.1,0.4,0.4
195,-16,-0.99,-16,-0.1,-0.2,-0.99,1997763754,-0.6,16,16,0.2,0.3,0.1,0.4,0.6
197,-16,-0.99,-16,-0.1,-0.2,-0.99,1997763823,-0.6,16,16,0.2,0.3,0.1,0.4,0.8
199,-16,-0.99,-16,-0.1,-0.2,-0.99,1997763877,-0.6,16,16,0.2,0.3,0.1,0.5,0.1
201,-16,-0.99,-16,-0.1,-0.2,-0.99,1997763930,-0.6,16,16,0.2,0.3,0.1,0.5,0.3
203,-16,-0.99,-16,-0.1,-0.2,-0.99,1997764062,-0.6,16,16,0.2,0.3,0.1,0.5,0.5
205,-16,-0.99,-16,-0.1,-0.2,-0.99,1997764108,-0.6,16,16,0.2,0.3,0.1,0.5,0.7
207,-16,-0.99,-16,-0.1,-0.2,-0.99,1997764181,-0.6,16,16,0.2,0.3,0.1,0.5,0.9
209,-16,-0.99,-16,-0.1,-0.2,-0.99,1997764243,-0.6,16,16,0.2,0.3,0.1,0.6,0.2
211,-16,-0.99,-16,-0.1,-0.2,-0.99,1997764323,-0.6,16,16,0.2,0.3,0.1,0.6,0.4
213,-16,-0.99,-16,-0.1,-0.2,-0.99,1997764410,-0.6,16,16,0.2,0.3,0.1,0.6,0.6
215,-16,-0.99,-16,-0.1,-0.2,-0.99,1997764473,-0.6,16,16,0.2,0.3,0.1,0.6,0.8
217,-16,-0.99,-16,-0.1,-0.2,-0.99,1997764519,-0.6,16,16,0.2,0.3,0.1,0.7,0.1
219,-16,-0.99,-16,-0.1,-0.2,-0.99,1997764578,-0.6,16,16,0.2,0.3,0.1,0.7,0.3
221,-16,-0.99,-16,-0.1,-0.2,-0.99,1997764638,-0.6,16,16,0.2,0.3,0.1,0.7,0.5
223,-16,-0.99,-16,-0.1,-0.2,-0.99,1997764867,-0.6,16,16,0.2,0.3,0.1,0.7,0.7
225,-16,-0.99,-16,-0.1,-0.2,-0.99,1997765051,-0.6,16,16,0.2,0.3,0.1,0.7,0.9
227,-16,-0.99,-16,-0.1,-0.2,-0.99,1997765151,-0.6,16,16,0.2,0.3,0.1,0.8,0.2
229,-16,-0.99,-16,-0.1,-0.2,-0.99,1997765199,-0.6,16,16,0.2,0.3,0.1,0.8,0.4
231,-16,-0.99,-16,-0.1,-0.2,-0.99,1997765264,-0.6,16,16,0.2,0.3,0.1,0.8,0.6
233,-16,-0.99,-16,-0.1,-0.2,-0.99,1997765329,-0.6,16,16,0.2,0.3,0.1,0.8,0.8
235,-16,-0.99,-16,-0.1,-0.2,-0.99,1997765386,-0.6,16,16,0.2,0.3,0.1,0.9,0.1
237,-16,-0.99,-16,-0.1,-0.2,-0.99,1997765473,-0.6,16,16,0.2,0.3,0.1,0.9,0.3
239,-16,-0.99,-16,-0.1,-0.2,-0.99,1997765574,-0.6,16,16,0.2,0.3,0.1,0.9,0.5
241,-16,-0.99,-16,-0.1,-0.2,-0.99,1997765613,-0.6,16,16,0.2,0.3,0.1,0.9,0.7
243,-16,-0.99,-16,-0.1,-0.2,-0.99,1997765687,-0.6,16,16,0.2,0.3,0.1,0.9,0.9
245,-16,-0.99,-16,-0.1,-0.2,-0.99,1997765755,-0.6,16,16,0.2,0.4,0.1,0.1,0.2
247,-16,-0.99,-16,-0.1,-0.2,-0.99,1997765797,-0.6,16,16,0.2,0.4,0.1,0.1,0.4
249,-16,-0.99,-16,-0.1,-0.2,-0.99,1997765865,-0.6,16,16,0.2,0.4,0.1,0.1,0.6
251,-16,-0.99,-16,-0.1,-0.2,-0.99,1997765956,-0.6,16,16,0.2,0.4,0.1,0.1,0.8
253,-16,-0.99,-16,-0.1,-0.2,-0.99,1997766081,-0.6,16,16,0.2,0.4,0.1,0.2,0.1
255,-16,-0.99,-16,-0.1,-0.2,-0.99,1997766238,-0.6,16,16,0.2,0.4,0.1,0.2,0.3
257,-16,-0.99,-16,-0.1,-0.2,-0.99,1997766308,-0.6,16,16,0.2,0.4,0.1,0.2,0.5
259,-16,-0.99,-16,-0.1,-0.2,-0.99,1997766458,-0.6,16,16,0.2,0.4,0.1,0.2,0.7
261,-16,-0.99,-16,-0.1,-0.2,-0.99,1997766758,-0.6,16,16,0.2,0.4,0.1,0.2,0.9
263,-16,-0.99,-16,-0.1,-0.2,-0.99,1997766802,-0.6,16,16,0.2,0.4,0.1,0.3,0.2
265,-16,-0.99,-16,-0.1,-0.2,-0.99,1997766886,-0.6,16,16,0.2,0.4,0.1,0.3,0.4
267,-16,-0.99,-16,-0.1,-0.2,-0.99,1997766946,-0.6,16,16,0.2,0.4,0.1,0.3,0.6
269,-16,-0.99,-16,-0.1,-0.2,-0.99,1997767002,-0.6,16,16,0.2,0.4,0.1,0.3,0.8
271,-16,-0.99,-16,-0.1,-0.2,-0.99,1997767078,-0.6,16,16,0.2,0.4,0.1,0.4,0.1
273,-16,-0.99,-16,-0.1,-0.2,-0.99,1997767114,-0.6,16,16,0.2,0.4,0.1,0.4,0.3
275,-16,-0.99,-16,-0.1,-0.2,-0.99,1997767174,-0.6,16,16,0.2,0.4,0.1,0.4,0.5
277,-16,-0.99,-16,-0.1,-0.2,-0.99,1997767241,-0.6,16,16,0.2,0.4,0.1,0.4,0.7
279,-16,-0.99,-16,-0.1,-0.2,-0.99,1997767295,-0.6,16,16,0.2,0.4,0.1,0.4,0.9
281,-16,-0.99,-16,-0.1,-0.2,-0.99,1997767364,-0.6,16,16,0.2,0.4,0.1,0.5,0.2
283,-16,-0.99,-16,-0.1,-0.2,-0.99,1997767424,-0.6,16,16,0.2,0.4,0.1,0.5,0.4
285,-16,-0.99,-16,-0.1,-0.2,-0.99,1997767477,-0.6,16,16,0.2,0.4,0.1,0.5,0.6
287,-16,-0.99,-16,-0.1,-0.2,-0.99,1997767534,-0.6,16,16,0.2,0.4,0.1,0.5,0.8
289,-16,-0.99,-16,-0.1,-0.2,-0.99,1997767584,-0.6,16,16,0.2,0.4,0.1,0.6,0.1
291,-16,-0.99,-16,-0.1,-0.2,-0.99,1997767649,-0.6,16,16,0.2,0.4,0.1,0.6,0.3
293,-16,-0.99,-16,-0.1,-0.2,-0.99,1997767702,-0.6,16,16,0.2,0.4,0.1,0.6,0.5
295,-16,-0.99,-16,-0.1,-0.2,-0.99,1997767748,-0.6,16,16,0.2,0.4,0.1,0.6,0.7
297,-16,-0.99,-16,-0.1,-0.2,-0.99,1997767804,-0.6,16,16,0.2,0.4,0.1,0.6,0.9
299,-16,-0.99,-16,-0.1,-0.2,-0.99,1997767856,-0.6,16,16,0.2,0.4,0.1,0.7,0.2
301,-16,-0.99,-16,-0.1,-0.2,-0.99,1997767912,-0.6,16,16,0.2,0.4,0.1,0.7,0.4
303,-16,-0.99,-16,-0.1,-0.2,-0.99,1997767961,-0.6,16,16,0.2,0.4,0.1,0.7,0.6
305,-16,-0.99,-16,-0.1,-0.2,-0.99,1997768014,-0.6,16,16,0.2,0.4,0.1,0.7,0.8
307,-16,-0.99,-16,-0.1,-0.2,-0.99,1997768061,-0.6,16,16,0.2,0.4,0.1,0.8,0.1
309,-16,-0.99,-16,-0.1,-0.2,-0.99,1997768120,-0.6,16,16,0.2,0.4,0.1,0.8,0.3
311,-16,-0.99,-16,-0.1,-0.2,-0.99,1997768192,-0.6,16,16,0.2,0.4,0.1,0.8,0.5
313,-16,-0.99,-16,-0.1,-0.2,-0.99,1997768248,-0.6,16,16,0.2,0.4,0.1,0.8,0.7
315,-16,-0.99,-16,-0.1,-0.2,-0.99,1997768293,-0.6,16,16,0.2,0.4,0.1,0.8,0.9
317,-16,-0.99,-16,-0.1,-0.2,-0.99,1997768367,-0.6,16,16,0.2,0.4,0.1,0.9,0.2
319,-16,-0.99,-16,-0.1,-0.2,-0.99,1997768416,-0.6,16,16,0.2,0.4,0.1,0.9,0.4
321,-16,-0.99,-16,-0.1,-0.2,-0.99,1997768479,-0.6,16,16,0.2,0.4,0.1,0.9,0.6
323,-16,-0.99,-16,-0.1,-0.2,-0.99,1997768545,-0.6,16,16,0.2,0.4,0.1,0.9,0.8
325,-16,-0.99,-16,-0.1,-0.2,-0.99,1997768652,-0.6,16,16,0.2,0.5,0.1,0.1,0.1
327,-16,-0.99,-16,-0.1,-0.2,-0.99,1997768834,-0.6,16,16,0.2,0.5,0.1,0.1,0.3
329,-16,-0.99,-16,-0.1,-0.2,-0.99,1997769114,-0.6,16,16,0.2,0.5,0.1,0.1,0.5
331,-16,-0.99,-16,-0.1,-0.2,-0.99,1997769286,-0.6,16,16,0.2,0.5,0.1,0.1,0.7
333,-16,-0.99,-16,-0.1,-0.2,-0.99,1997769380,-0.6,16,16,0.2,0.5,0.1,0.1,0.9
335,-16,-0.99,-16,-0.1,-0.2,-0.99,1997769451,-0.6,16,16,0.2,0.5,0.1,0.2,0.2
337,-16,-0.99,-16,-0.1,-0.2,-0.99,1997769513,-0.6,16,16,0.2,0.5,0.1,0.2,0.4
339,-16,-0.99,-16,-0.1,-0.2,-0.99,1997769606,-0.6,16,16,0.2,0.5,0.1,0.2,0.6
341,-16,-0.99,-16,-0.1,-0.2,-0.99,1997769647,-0.6,16,16,0.2,0.5,0.1,0.2,0.8
343,-16,-0.99,-16,-0.1,-0.2,-0.99,1997769692,-0.6,16,16,0.2,0.5,0.1,0.3,0.1
345,-16,-0.99,-16,-0.1,-0.2,-0.99,1997769738,-0.6,16,16,0.2,0.5,0.1,0.3,0.3
347,-16,-0.99,-16,-0.1,-0.2,-0.99,1997769794,-0.6,16,16,0.2,0.5,0.1,0.3,0.5
349,-16,-0.99,-16,-0.1,-0.2,-0.99,1997769849,-0.6,16,16,0.2,0.5,0.1,0.3,0.7
351,-16,-0.99,-16,-0.1,-0.2,-0.99,1997769885,-0.6,16,16,0.2,0.5,0.1,0.3,0.9
353,-16,-0.99,-16,-0.1,-0.2,-0.99,1997769933,-0.6,16,16,0.2,0.5,0.1,0.4,0.2
355,-16,-0.99,-16,-0.1,-0.2,-0.99,1997769986,-0.6,16,16,0.2,0.5,0.1,0.4,0.4
357,-16,-0.99,-16,-0.1,-0.2,-0.99,1997770054,-0.6,16,16,0.2,0.5,0.1,0.4,0.6
359,-16,-0.99,-16,-0.1,-0.2,-0.99,1997770102,-0.6,16,16,0.2,0.5,0.1,0.4,0.8
361,-16,-0.99,-16,-0.1,-0.2,-0.99,1997770150,-0.6,16,16,0.2,0.5,0.1,0.5,0.1
363,-16,-0.99,-16,-0.1,-0.2,-0.99,1997770177,-0.6,16,16,0.2,0.5,0.1,0.5,0.3
365,-16,-0.99,-16,-0.1,-0.2,-0.99,1997770224,-0.6,16,16,0.2,0.5,0.1,0.5,0.5
367,-16,-0.99,-16,-0.1,-0.2,-0.99,1997770264,-0.6,16,16,0.2,0.5,0.1,0.5,0.7
369,-16,-0.99,-16,-0.1,-0.2,-0.99,1997770306,-0.6,16,16,0.2,0.5,0.1,0.5,0.9
371,-16,-0.99,-16,-0.1,-0.2,-0.99,1997770352,-0.6,16,16,0.2,0.5,0.1,0.6,0.2
373,-16,-0.99,-16,-0.1,-0.2,-0.99,1997770392,-0.6,16,16,0.2,0.5,0.1,0.6,0.4
375,-16,-0.99,-16,-0.1,-0.2,-0.99,1997770459,-0.6,16,16,0.2,0.5,0.1,0.6,0.6
377,-16,-0.99,-16,-0.1,-0.2,-0.99,1997770515,-0.6,16,16,0.2,0.5,0.1,0.6,0.8
379,-16,-0.99,-16,-0.1,-0.2,-0.99,1997770562,-0.6,16,16,0.2,0.5,0.1,0.7,0.1
381,-16,-0.99,-16,-0.1,-0.2,-0.99,1997770605,-0.6,16,16,0.2,0.5,0.1,0.7,0.3
383,-16,-0.99,-16,-0.1,-0.2,-0.99,1997770653,-0.6,16,16,0.2,0.5,0.1,0.7,0.5
385,-16,-0.99,-16,-0.1,-0.2,-0.99,1997770714,-0.6,16,16,0.2,0.5,0.1,0.7,0.7
387,-16,-0.99,-16,-0.1,-0.2,-0.99,1997770762,-0.6,16,16,0.2,0.5,0.1,0.7,0.9
389,-16,-0.99,-16,-0.1,-0.2,-0.99,1997770803,-0.6,16,16,0.2,0.5,0.1,0.8,0.2
391,-16,-0.99,-16,-0.1,-0.2,-0.99,1997770855,-0.6,16,16,0.2,0.5,0.1,0.8,0.4
393,-16,-0.99,-16,-0.1,-0.2,-0.99,1997770907,-0.6,16,16,0.2,0.5,0.1,0.8,0.6
395,-16,-0.99,-16,-0.1,-0.2,-0.99,1997770956,-0.6,16,16,0.2,0.5,0.1,0.8,0.8
397,-16,-0.99,-16,-0.1,-0.2,-0.99,1997771006,-0.6,16,16,0.2,0.5,0.1,0.9,0.1
399,-16,-0.99,-16,-0.1,-0.2,-0.99,1997771060,-0.6,16,16,0.2,0.5,0.1,0.9,0.3
401,-16,-0.99,-16,-0.1,-0.2,-0.99,1997771115,-0.6,16,16,0.2,0.5,0.1,0.9,0.5
403,-16,-0.99,-16,-0.1,-0.2,-0.99,1997771157,-0.6,16,16,0.2,0.5,0.1,0.9,0.7
405,-16,-0.99,-16,-0.1,-0.2,-0.99,1997771201,-0.6,16,16,0.2,0.5,0.1,0.9,0.9
407,-16,-0.99,-16,-0.1,-0.2,-0.99,1997771234,-0.6,16,16,0.2,0.6,0.1,0.1,0.2
409,-16,-0.99,-16,-0.1,-0.2,-0.99,1997771273,-0.6,16,16,0.2,0.6,0.1,0.1,0.4
411,-16,-0.99,-16,-0.1,-0.2,-0.99,1997771314,-0.6,16,16,0.2,0.6,0.1,0.1,0.6
413,-16,-0.99,-16,-0.1,-0.2,-0.99,1997771354,-0.6,16,16,0.2,0.6,0.1,0.1,0.8
415,-16,-0.99,-16,-0.1,-0.2,-0.99,1997771398,-0.6,16,16,0.2,0.6,0.1,0.2,0.1
417,-16,-0.99,-16,-0.1,-0.2,-0.99,1997771449,-0.6,16,16,0.2,0.6,0.1,0.2,0.3
419,-16,-0.99,-16,-0.1,-0.2,-0.99,1997771492,-0.6,16,16,0.2,0.6,0.1,0.2,0.5
421,-16,-0.99,-16,-0.1,-0.2,-0.99,1997771560,-0.6,16,16,0.2,0.6,0.1,0.2,0.7
423,-16,-0.99,-16,-0.1,-0.2,-0.99,1997771608,-0.6,16,16,0.2,0.6,0.1,0.2,0.9
425,-16,-0.99,-16,-0.1,-0.2,-0.99,1997771673,-0.6,16,16,0.2,0.6,0.1,0.3,0.2
427,-16,-0.99,-16,-0.1,-0.2,-0.99,1997771719,-0.6,16,16,0.2,0.6,0.1,0.3,0.4
429,-16,-0.99,-16,-0.1,-0.2,-0.99,1997771773,-0.6,16,16,0.2,0.6,0.1,0.3,0.6
431,-16,-0.99,-16,-0.1,-0.2,-0.99,1997771815,-0.6,16,16,0.2,0.6,0.1,0.3,0.8
433,-16,-0.99,-16,-0.1,-0.2,-0.99,1997771862,-0.6,16,16,0.2,0.6,0.1,0.4,0.1
435,-16,-0.99,-16,-0.1,-0.2,-0.99,1997771913,-0.6,16,16,0.2,0.6,0.1,0.4,0.3
437,-16,-0.99,-16,-0.1,-0.2,-0.99,1997771963,-0.6,16,16,0.2,0.6,0.1,0.4,0.5
439,-16,-0.99,-16,-0.1,-0.2,-0.99,1997772004,-0.6,16,16,0.2,0.6,0.1,0.4,0.7
441,-16,-0.99,-16,-0.1,-0.2,-0.99,1997772045,-0.6,16,16,0.2,0.6,0.1,0.4,0.9
443,-16,-0.99,-16,-0.1,-0.2,-0.99,1997772105,-0.6,16,16,0.2,0.6,0.1,0.5,0.2
445,-16,-0.99,-16,-0.1,-0.2,-0.99,1997772151,-0.6,16,16,0.2,0.6,0.1,0.5,0.4
447,-16,-0.99,-16,-0.1,-0.2,-0.99,1997772197,-0.6,16,16,0.2,0.6,0.1,0.5,0.6
449,-16,-0.99,-16,-0.1,-0.2,-0.99,1997772271,-0.6,16,16,0.2,0.6,0.1,0.5,0.8
451,-16,-0.99,-16,-0.1,-0.2,-0.99,1997772321,-0.6,16,16,0.2,0.6,0.1,0.6,0.1
453,-16,-0.99,-16,-0.1,-0.2,-0.99,1997772373,-0.6,16,16,0.2,0.6,0.1,0.6,0.3
455,-16,-0.99,-16,-0.1,-0.2,-0.99,1997772413,-0.6,16,16,0.2,0.6,0.1,0.6,0.5
457,-16,-0.99,-16,-0.1,-0.2,-0.99,1997772461,-0.6,16,16,0.2,0.6,0.1,0.6,0.7
459,-16,-0.99,-16,-0.1,-0.2,-0.99,1997772490,-0.6,16,16,0.2,0.6,0.1,0.6,0.9
461,-16,-0.99,-16,-0.1,-0.2,-0.99,1997772578,-0.6,16,16,0.2,0.6,0.1,0.7,0.2
463,-16,-0.99,-16,-0.1,-0.2,-0.99,1997772633,-0.6,16,16,0.2,0.6,0.1,0.7,0.4
465,-16,-0.99,-16,-0.1,-0.2,-0.99,1997772673,-0.6,16,16,0.2,0.6,0.1,0.7,0.6
467,-16,-0.99,-16,-0.1,-0.2,-0.99,1997772727,-0.6,16,16,0.2,0.6,0.1,0.7,0.8
469,-16,-0.99,-16,-0.1,-0.2,-0.99,1997772789,-0.6,16,16,0.2,0.6,0.1,0.8,0.1
471,-16,-0.99,-16,-0.1,-0.2,-0.99,1997772885,-0.6,16,16,0.2,0.6,0.1,0.8,0.3
473,-16,-0.99,-16,-0.1,-0.2,-0.99,1997772926,-0.6,16,16,0.2,0.6,0.1,0.8,0.5
475,-16,-0.99,-16,-0.1,-0.2,-0.99,1997772987,-0.6,16,16,0.2,0.6,0.1,0.8,0.7
477,-16,-0.99,-16,-0.1,-0.2,-0.99,1997773090,-0.6,16,16,0.2,0.6,0.1,0.8,0.9
479,-16,-0.99,-16,-0.1,-0.2,-0.99,1997773148,-0.6,16,16,0.2,0.6,0.1,0.9,0.2
481,-16,-0.99,-16,-0.1,-0.2,-0.99,1997773197,-0.6,16,16,0.2,0.6,0.1,0.9,0.4
483,-16,-0.99,-16,-0.1,-0.2,-0.99,1997773248,-0.6,16,16,0.2,0.6,0.1,0.9,0.6
485,-16,-0.99,-16,-0.1,-0.2,-0.99,1997773290,-0.6,16,16,0.2,0.6,0.1,0.9,0.8
487,-16,-0.99,-16,-0.1,-0.2,-0.99,1997773360,-0.6,16,16,0.2,0.7,0.1,0.1,0.1
489,-16,-0.99,-16,-0.1,-0.2,-0.99,1997773406,-0.6,16,16,0.2,0.7,0.1,0.1,0.3
491,-16,-0.99,-16,-0.1,-0.2,-0.99,1997773462,-0.6,16,16,0.2,0.7,0.1,0.1,0.5
493,-16,-0.99,-16,-0.1,-0.2,-0.99,1997773521,-0.6,16,16,0.2,0.7,0.1,0.1,0.7
495,-16,-0.99,-16,-0.1,-0.2,-0.99,1997773568,-0.6,16,16,0.2,0.7,0.1,0.1,0.9
497,-16,-0.99,-16,-0.1,-0.2,-0.99,1997773623,-0.6,16,16,0.2,0.7,0.1,0.2,0.2
499,-16,-0.99,-16,-0.1,-0.2,-0.99,1997773661,-0.6,16,16,0.2,0.7,0.1,0.2,0.4
501,-16,-0.99,-16,-0.1,-0.2,-0.99,1997773782,-0.6,16,16,0.2,0.7,0.1,0.2,0.6
503,-16,-0.99,-16,-0.1,-0.2,-0.99,1997773824,-0.6,16,16,0.2,0.7,0.1,0.2,0.8
505,-16,-0.99,-16,-0.1,-0.2,-0.99,1997773858,-0.6,16,16,0.2,0.7,0.1,0.3,0.1
507,-16,-0.99,-16,-0.1,-0.2,-0.99,1997773971,-0.6,16,16,0.2,0.7,0.1,0.3,0.3
509,-16,-0.99,-16,-0.1,-0.2,-0.99,1997774011,-0.6,16,16,0.2,0.7,0.1,0.3,0.5
511,-16,-0.99,-16,-0.1,-0.2,-0.99,1997774059,-0.6,16,16,0.2,0.7,0.1,0.3,0.7
513,-16,-0.99,-16,-0.1,-0.2,-0.99,1997774123,-0.6,16,16,0.2,0.7,0.1,0.3,0.9
515,-16,-0.99,-16,-0.1,-0.2,-0.99,1997774176,-0.6,16,16,0.2,0.7,0.1,0.4,0.2
517,-16,-0.99,-16,-0.1,-0.2,-0.99,1997774227,-0.6,16,16,0.2,0.7,0.1,0.4,0.4
519,-16,-0.99,-16,-0.1,-0.2,-0.99,1997774281,-0.6,16,16,0.2,0.7,0.1,0.4,0.6
521,-16,-0.99,-16,-0.1,-0.2,-0.99,1997774335,-0.6,16,16,0.2,0.7,0.1,0.4,0.8
523,-16,-0.99,-16,-0.1,-0.2,-0.99,1997774462,-0.6,16,16,0.2,0.7,0.1,0.5,0.1
525,-16,-0.99,-16,-0.1,-0.2,-0.99,1997774513,-0.6,16,16,0.2,0.7,0.1,0.5,0.3
527,-16,-0.99,-16,-0.1,-0.2,-0.99,1997774553,-0.6,16,16,0.2,0.7,0.1,0.5,0.5
529,-16,-0.99,-16,-0.1,-0.2,-0.99,1997774598,-0.6,16,16,0.2,0.7,0.1,0.5,0.7
531,-16,-0.99,-16,-0.1,-0.2,-0.99,1997774643,-0.6,16,16,0.2,0.7,0.1,0.5,0.9
533,-16,-0.99,-16,-0.1,-0.2,-0.99,1997774692,-0.6,16,16,0.2,0.7,0.1,0.6,0.2
535,-16,-0.99,-16,-0.1,-0.2,-0.99,1997774727,-0.6,16,16,0.2,0.7,0.1,0.6,0.4
537,-16,-0.99,-16,-0.1,-0.2,-0.99,1997774775,-0.6,16,16,0.2,0.7,0.1,0.6,0.6
539,-16,-0.99,-16,-0.1,-0.2,-0.99,1997774884,-0.6,16,16,0.2,0.7,0.1,0.6,0.8
541,-16,-0.99,-16,-0.1,-0.2,-0.99,1997774956,-0.6,16,16,0.2,0.7,0.1,0.7,0.1
543,-16,-0.99,-16,-0.1,-0.2,-0.99,1997775038,-0.6,16,16,0.2,0.7,0.1,0.7,0.3
545,-16,-0.99,-16,-0.1,-0.2,-0.99,1997775152,-0.6,16,16,0.2,0.7,0.1,0.7,0.5
547,-16,-0.99,-16,-0.1,-0.2,-0.99,1997775201,-0.6,16,16,0.2,0.7,0.1,0.7,0.7
549,-16,-0.99,-16,-0.1,-0.2,-0.99,1997775241,-0.6,16,16,0.2,0.7,0.1,0.7,0.9
551,-16,-0.99,-16,-0.1,-0.2,-0.99,1997775290,-0.6,16,16,0.2,0.7,0.1,0.8,0.2
553,-16,-0.99,-16,-0.1,-0.2,-0.99,1997775327,-0.6,16,16,0.2,0.7,0.1,0.8,0.4
555,-16,-0.99,-16,-0.1,-0.2,-0.99,1997775372,-0.6,16,16,0.2,0.7,0.1,0.8,0.6
557,-16,-0.99,-16,-0.1,-0.2,-0.99,1997775407,-0.6,16,16,0.2,0.7,0.1,0.8,0.8
559,-16,-0.99,-16,-0.1,-0.2,-0.99,1997776267,-0.6,16,16,0.2,0.7,0.1,0.9,0.1
561,-16,-0.99,-16,-0.1,-0.2,-0.99,1997776321,-0.6,16,16,0.2,0.7,0.1,0.9,0.3
563,-16,-0.99,-16,-0.1,-0.2,-0.99,1997776372,-0.6,16,16,0.2,0.7,0.1,0.9,0.5
565,-16,-0.99,-16,-0.1,-0.2,-0.99,1997776424,-0.6,16,16,0.2,0.7,0.1,0.9,0.7
567,-16,-0.99,-16,-0.1,-0.2,-0.99,1997776545,-0.6,16,16,0.2,0.7,0.1,0.9,0.9
569,-16,-0.99,-16,-0.1,-0.2,-0.99,1997776992,-0.6,16,16,0.2,0.8,0.1,0.1,0.2
571,-16,-0.99,-16,-0.1,-0.2,-0.99,1997777049,-0.6,16,16,0.2,0.8,0.1,0.1,0.4
573,-16,-0.99,-16,-0.1,-0.2,-0.99,1997777095,-0.6,16,16,0.2,0.8,0.1,0.1,0.6
575,-16,-0.99,-16,-0.1,-0.2,-0.99,1997777166,-0.6,16,16,0.2,0.8,0.1,0.1,0.8
577,-16,-0.99,-16,-0.1,-0.2,-0.99,1997777210,-0.6,16,16,0.2,0.8,0.1,0.2,0.1
579,-16,-0.99,-16,-0.1,-0.2,-0.99,1997777247,-0.6,16,16,0.2,0.8,0.1,0.2,0.3
581,-16,-0.99,-16,-0.1,-0.2,-0.99,1997777287,-0.6,16,16,0.2,0.8,0.1,0.2,0.5
583,-16,-0.99,-16,-0.1,-0.2,-0.99,1997777330,-0.6,16,16,0.2,0.8,0.1,0.2,0.7
585,-16,-0.99,-16,-0.1,-0.2,-0.99,1997777372,-0.6,16,16,0.2,0.8,0.1,0.2,0.9
587,-16,-0.99,-16,-0.1,-0.2,-0.99,1997777412,-0.6,16,16,0.2,0.8,0.1,0.3,0.2
589,-16,-0.99,-16,-0.1,-0.2,-0.99,1997777462,-0.6,16,16,0.2,0.8,0.1,0.3,0.4
591,-16,-0.99,-16,-0.1,-0.2,-0.99,1997777516,-0.6,16,16,0.2,0.8,0.1,0.3,0.6
593,-16,-0.99,-16,-0.1,-0.2,-0.99,1997777563,-0.6,16,16,0.2,0.8,0.1,0.3,0.8
595,-16,-0.99,-16,-0.1,-0.2,-0.99,1997777609,-0.6,16,16,0.2,0.8,0.1,0.4,0.1
597,-16,-0.99,-16,-0.1,-0.2,-0.99,1997777658,-0.6,16,16,0.2,0.8,0.1,0.4,0.3
599,-16,-0.99,-16,-0.1,-0.2,-0.99,1997777718,-0.6,16,16,0.2,0.8,0.1,0.4,0.5
601,-16,-0.99,-16,-0.1,-0.2,-0.99,1997777785,-0.6,16,16,0.2,0.8,0.1,0.4,0.7
603,-16,-0.99,-16,-0.1,-0.2,-0.99,1997777827,-0.6,16,16,0.2,0.8,0.1,0.4,0.9
605,-16,-0.99,-16,-0.1,-0.2,-0.99,1997777870,-0.6,16,16,0.2,0.8,0.1,0.5,0.2
607,-16,-0.99,-16,-0.1,-0.2,-0.99,1997777930,-0.6,16,16,0.2,0.8,0.1,0.5,0.4
609,-16,-0.99,-16,-0.1,-0.2,-0.99,1997777968,-0.6,16,16,0.2,0.8,0.1,0.5,0.6
611,-16,-0.99,-16,-0.1,-0.2,-0.99,1997778013,-0.6,16,16,0.2,0.8,0.1,0.5,0.8
613,-16,-0.99,-16,-0.1,-0.2,-0.99,1997778061,-0.6,16,16,0.2,0.8,0.1,0.6,0.1
615,-16,-0.99,-16,-0.1,-0.2,-0.99,1997778121,-0.6,16,16,0.2,0.8,0.1,0.6,0.3
617,-16,-0.99,-16,-0.1,-0.2,-0.99,1997778162,-0.6,16,16,0.2,0.8,0.1,0.6,0.5
619,-16,-0.99,-16,-0.1,-0.2,-0.99,1997778217,-0.6,16,16,0.2,0.8,0.1,0.6,0.7
621,-16,-0.99,-16,-0.1,-0.2,-0.99,1997778260,-0.6,16,16,0.2,0.8,0.1,0.6,0.9
623,-16,-0.99,-16,-0.1,-0.2,-0.99,1997778304,-0.6,16,16,0.2,0.8,0.1,0.7,0.2
625,-16,-0.99,-16,-0.1,-0.2,-0.99,1997778346,-0.6,16,16,0.2,0.8,0.1,0.7,0.4
627,-16,-0.99,-16,-0.1,-0.2,-0.99,1997778382,-0.6,16,16,0.2,0.8,0.1,0.7,0.6
629,-16,-0.99,-16,-0.1,-0.2,-0.99,1997778433,-0.6,16,16,0.2,0.8,0.1,0.7,0.8
631,-16,-0.99,-16,-0.1,-0.2,-0.99,1997778469,-0.6,16,16,0.2,0.8,0.1,0.8,0.1
633,-16,-0.99,-16,-0.1,-0.2,-0.99,1997778520,-0.6,16,16,0.2,0.8,0.1,0.8,0.3
635,-16,-0.99,-16,-0.1,-0.2,-0.99,1997778561,-0.6,16,16,0.2,0.8,0.1,0.8,0.5
637,-16,-0.99,-16,-0.1,-0.2,-0.99,1997778598,-0.6,16,16,0.2,0.8,0.1,0.8,0.7
639,-16,-0.99,-16,-0.1,-0.2,-0.99,1997778659,-0.6,16,16,0.2,0.8,0.1,0.8,0.9
641,-16,-0.99,-16,-0.1,-0.2,-0.99,1997778727,-0.6,16,16,0.2,0.8,0.1,0.9,0.2
643,-16,-0.99,-16,-0.1,-0.2,-0.99,1997778808,-0.6,16,16,0.2,0.8,0.1,0.9,0.4
645,-16,-0.99,-16,-0.1,-0.2,-0.99,1997779646,-0.6,16,16,0.2,0.8,0.1,0.9,0.6
647,-16,-0.99,-16,-0.1,-0.2,-0.99,1997780440,-0.6,16,16,0.2,0.8,0.1,0.9,0.8
649,-16,-0.99,-16,-0.1,-0.2,-0.99,1997781002,-0.6,16,16,0.2,0.9,0.1,0.1,0.1
651,-16,-0.99,-16,-0.1,-0.2,-0.99,1997781049,-0.6,16,16,0.2,0.9,0.1,0.1,0.3
653,-16,-0.99,-16,-0.1,-0.2,-0.99,1997781087,-0.6,16,16,0.2,0.9,0.1,0.1,0.5
655,-16,-0.99,-16,-0.1,-0.2,-0.99,1997781675,-0.6,16,16,0.2,0.9,0.1,0.1,0.7
657,-16,-0.99,-16,-0.1,-0.2,-0.99,1997781719,-0.6,16,16,0.2,0.9,0.1,0.1,0.9
659,-16,-0.99,-16,-0.1,-0.2,-0.99,1997781762,-0.6,16,16,0.2,0.9,0.1,0.2,0.2
661,-16,-0.99,-16,-0.1,-0.2,-0.99,1997781810,-0.6,16,16,0.2,0.9,0.1,0.2,0.4
663,-16,-0.99,-16,-0.1,-0.2,-0.99,1997781849,-0.6,16,16,0.2,0.9,0.1,0.2,0.6
665,-16,-0.99,-16,-0.1,-0.2,-0.99,1997781899,-0.6,16,16,0.2,0.9,0.1,0.2,0.8
667,-16,-0.99,-16,-0.1,-0.2,-0.99,1997781947,-0.6,16,16,0.2,0.9,0.1,0.3,0.1
669,-16,-0.99,-16,-0.1,-0.2,-0.99,1997781979,-0.6,16,16,0.2,0.9,0.1,0.3,0.3
671,-16,-0.99,-16,-0.1,-0.2,-0.99,1997782021,-0.6,16,16,0.2,0.9,0.1,0.3,0.5
673,-16,-0.99,-16,-0.1,-0.2,-0.99,1997782078,-0.6,16,16,0.2,0.9,0.1,0.3,0.7
675,-16,-0.99,-16,-0.1,-0.2,-0.99,1997782117,-0.6,16,16,0.2,0.9,0.1,0.3,0.9
677,-16,-0.99,-16,-0.1,-0.2,-0.99,1997782189,-0.6,16,16,0.2,0.9,0.1,0.4,0.2
679,-16,-0.99,-16,-0.1,-0.2,-0.99,1997782249,-0.6,16,16,0.2,0.9,0.1,0.4,0.4
681,-16,-0.99,-16,-0.1,-0.2,-0.99,1997782292,-0.6,16,16,0.2,0.9,0.1,0.4,0.6
683,-16,-0.99,-16,-0.1,-0.2,-0.99,1997782346,-0.6,16,16,0.2,0.9,0.1,0.4,0.8
685,-16,-0.99,-16,-0.1,-0.2,-0.99,1997782410,-0.6,16,16,0.2,0.9,0.1,0.5,0.1
687,-16,-0.99,-16,-0.1,-0.2,-0.99,1997782956,-0.6,16,16,0.2,0.9,0.1,0.5,0.3
689,-16,-0.99,-16,-0.1,-0.2,-0.99,1997782995,-0.6,16,16,0.2,0.9,0.1,0.5,0.5
691,-16,-0.99,-16,-0.1,-0.2,-0.99,1997783062,-0.6,16,16,0.2,0.9,0.1,0.5,0.7
693,-16,-0.99,-16,-0.1,-0.2,-0.99,1997783144,-0.6,16,16,0.2,0.9,0.1,0.5,0.9
695,-16,-0.99,-16,-0.1,-0.2,-0.99,1997783203,-0.6,16,16,0.2,0.9,0.1,0.6,0.2
697,-16,-0.99,-16,-0.1,-0.2,-0.99,1997783251,-0.6,16,16,0.2,0.9,0.1,0.6,0.4
699,-16,-0.99,-16,-0.1,-0.2,-0.99,1997783295,-0.6,16,16,0.2,0.9,0.1,0.6,0.6
701,-16,-0.99,-16,-0.1,-0.2,-0.99,1997783345,-0.6,16,16,0.2,0.9,0.1,0.6,0.8
703,-16,-0.99,-16,-0.1,-0.2,-0.99,1997783432,-0.6,16,16,0.2,0.9,0.1,0.7,0.1
705,-16,-0.99,-16,-0.1,-0.2,-0.99,1997783496,-0.6,16,16,0.2,0.9,0.1,0.7,0.3
707,-16,-0.99,-16,-0.1,-0.2,-0.99,1997783531,-0.6,16,16,0.2,0.9,0.1,0.7,0.5
709,-16,-0.99,-16,-0.1,-0.2,-0.99,1997783568,-0.6,16,16,0.2,0.9,0.1,0.7,0.7
711,-16,-0.99,-16,-0.1,-0.2,-0.99,1997783611,-0.6,16,16,0.2,0.9,0.1,0.7,0.9
713,-16,-0.99,-16,-0.1,-0.2,-0.99,1997784122,-0.6,16,16,0.2,0.9,0.1,0.8,0.2
715,-16,-0.99,-16,-0.1,-0.2,-0.99,1997784740,-0.6,16,16,0.2,0.9,0.1,0.8,0.4
717,-16,-0.99,-16,-0.1,-0.2,-0.99,1997785308,-0.6,16,16,0.2,0.9,0.1,0.8,0.6
719,-16,-0.99,-16,-0.1,-0.2,-0.99,1997785364,-0.6,16,16,0.2,0.9,0.1,0.8,0.8
721,-16,-0.99,-16,-0.1,-0.2,-0.99,1997785407,-0.6,16,16,0.2,0.9,0.1,0.9,0.1
723,-16,-0.99,-16,-0.1,-0.2,-0.99,1997785456,-0.6,16,16,0.2,0.9,0.1,0.9,0.3
725,-16,-0.99,-16,-0.1,-0.2,-0.99,1997785503,-0.6,16,16,0.2,0.9,0.1,0.9,0.5
727,-16,-0.99,-16,-0.1,-0.2,-0.99,1997785544,-0.6,16,16,0.2,0.9,0.1,0.9,0.7
729,-16,-0.99,-16,-0.1,-0.2,-0.99,1997785589,-0.6,16,16,0.2,0.9,0.1,0.9,0.9
2,-16,-0.99,-16,-0.1,-0.2,-0.99,1997749799,-0.6,16,16,0.2,0.1,0.1,0.1,0.2
4,-16,-0.99,-16,-0.1,-0.2,-0.99,1997753324,-0.6,16,16,0.2,0.1,0.1,0.1,0.4
6,-16,-0.99,-16,-0.1,-0.2,-0.99,1997754003,-0.6,16,16,0.2,0.1,0.1,0.1,0.6
8,-16,-0.99,-16,-0.1,-0.2,-0.99,1997754532,-0.6,16,16,0.2,0.1,0.1,0.1,0.8
10,-16,-0.99,-16,-0.1,-0.2,-0.99,1997755208,-0.6,16,16,0.2,0.1,0.1,0.2,0.1
12,-16,-0.99,-16,-0.1,-0.2,-0.99,1997755466,-0.6,16,16,0.2,0.1,0.1,0.2,0.3
14,-16,-0.99,-16,-0.1,-0.2,-0.99,1997755745,-0.6,16,16,0.2,0.1,0.1,0.2,0.5
16,-16,-0.99,-16,-0.1,-0.2,-0.99,1997755929,-0.6,16,16,0.2,0.1,0.1,0.2,0.7
18,-16,-0.99,-16,-0.1,-0.2,-0.99,1997756061,-0.6,16,16,0.2,0.1,0.1,0.2,0.9
20,-16,-0.99,-16,-0.1,-0.2,-0.99,1997756266,-0.6,16,16,0.2,0.1,0.1,0.3,0.2
22,-16,-0.99,-16,-0.1,-0.2,-0.99,1997756410,-0.6,16,16,0.2,0.1,0.1,0.3,0.4
24,-16,-0.99,-16,-0.1,-0.2,-0.99,1997756941,-0.6,16,16,0.2,0.1,0.1,0.3,0.6
26,-16,-0.99,-16,-0.1,-0.2,-0.99,1997757012,-0.6,16,16,0.2,0.1,0.1,0.3,0.8
28,-16,-0.99,-16,-0.1,-0.2,-0.99,1997757157,-0.6,16,16,0.2,0.1,0.1,0.4,0.1
30,-16,-0.99,-16,-0.1,-0.2,-0.99,1997757243,-0.6,16,16,0.2,0.1,0.1,0.4,0.3
32,-16,-0.99,-16,-0.1,-0.2,-0.99,1997757364,-0.6,16,16,0.2,0.1,0.1,0.4,0.5
34,-16,-0.99,-16,-0.1,-0.2,-0.99,1997757448,-0.6,16,16,0.2,0.1,0.1,0.4,0.7
36,-16,-0.99,-16,-0.1,-0.2,-0.99,1997757560,-0.6,16,16,0.2,0.1,0.1,0.4,0.9
38,-16,-0.99,-16,-0.1,-0.2,-0.99,1997757668,-0.6,16,16,0.2,0.1,0.1,0.5,0.2
40,-16,-0.99,-16,-0.1,-0.2,-0.99,1997757737,-0.6,16,16,0.2,0.1,0.1,0.5,0.4
42,-16,-0.99,-16,-0.1,-0.2,-0.99,1997757816,-0.6,16,16,0.2,0.1,0.1,0.5,0.6
44,-16,-0.99,-16,-0.1,-0.2,-0.99,1997757925,-0.6,16,16,0.2,0.1,0.1,0.5,0.8
46,-16,-0.99,-16,-0.1,-0.2,-0.99,1997758016,-0.6,16,16,0.2,0.1,0.1,0.6,0.1
48,-16,-0.99,-16,-0.1,-0.2,-0.99,1997758109,-0.6,16,16,0.2,0.1,0.1,0.6,0.3
50,-16,-0.99,-16,-0.1,-0.2,-0.99,1997758193,-0.6,16,16,0.2,0.1,0.1,0.6,0.5
52,-16,-0.99,-16,-0.1,-0.2,-0.99,1997758298,-0.6,16,16,0.2,0.1,0.1,0.6,0.7
54,-16,-0.99,-16,-0.1,-0.2,-0.99,1997758371,-0.6,16,16,0.2,0.1,0.1,0.6,0.9
56,-16,-0.99,-16,-0.1,-0.2,-0.99,1997758446,-0.6,16,16,0.2,0.1,0.1,0.7,0.2
58,-16,-0.99,-16,-0.1,-0.2,-0.99,1997758561,-0.6,16,16,0.2,0.1,0.1,0.7,0.4
60,-16,-0.99,-16,-0.1,-0.2,-0.99,1997758612,-0.6,16,16,0.2,0.1,0.1,0.7,0.6
62,-16,-0.99,-16,-0.1,-0.2,-0.99,1997758670,-0.6,16,16,0.2,0.1,0.1,0.7,0.8
64,-16,-0.99,-16,-0.1,-0.2,-0.99,1997758773,-0.6,16,16,0.2,0.1,0.1,0.8,0.1
66,-16,-0.99,-16,-0.1,-0.2,-0.99,1997758843,-0.6,16,16,0.2,0.1,0.1,0.8,0.3
68,-16,-0.99,-16,-0.1,-0.2,-0.99,1997758919,-0.6,16,16,0.2,0.1,0.1,0.8,0.5
70,-16,-0.99,-16,-0.1,-0.2,-0.99,1997759004,-0.6,16,16,0.2,0.1,0.1,0.8,0.7
72,-16,-0.99,-16,-0.1,-0.2,-0.99,1997759083,-0.6,16,16,0.2,0.1,0.1,0.8,0.9
74,-16,-0.99,-16,-0.1,-0.2,-0.99,1997759135,-0.6,16,16,0.2,0.1,0.1,0.9,0.2
76,-16,-0.99,-16,-0.1,-0.2,-0.99,1997759198,-0.6,16,16,0.2,0.1,0.1,0.9,0.4
78,-16,-0.99,-16,-0.1,-0.2,-0.99,1997759343,-0.6,16,16,0.2,0.1,0.1,0.9,0.6
80,-16,-0.99,-16,-0.1,-0.2,-0.99,1997759445,-0.6,16,16,0.2,0.1,0.1,0.9,0.8
82,-16,-0.99,-16,-0.1,-0.2,-0.99,1997759650,-0.6,16,16,0.2,0.2,0.1,0.1,0.1
84,-16,-0.99,-16,-0.1,-0.2,-0.99,1997759768,-0.6,16,16,0.2,0.2,0.1,0.1,0.3
86,-16,-0.99,-16,-0.1,-0.2,-0.99,1997759841,-0.6,16,16,0.2,0.2,0.1,0.1,0.5
88,-16,-0.99,-16,-0.1,-0.2,-0.99,1997759912,-0.6,16,16,0.2,0.2,0.1,0.1,0.7
90,-16,-0.99,-16,-0.1,-0.2,-0.99,1997759977,-0.6,16,16,0.2,0.2,0.1,0.1,0.9
92,-16,-0.99,-16,-0.1,-0.2,-0.99,1997760043,-0.6,16,16,0.2,0.2,0.1,0.2,0.2
94,-16,-0.99,-16,-0.1,-0.2,-0.99,1997760112,-0.6,16,16,0.2,0.2,0.1,0.2,0.4
96,-16,-0.99,-16,-0.1,-0.2,-0.99,1997760197,-0.6,16,16,0.2,0.2,0.1,0.2,0.6
98,-16,-0.99,-16,-0.1,-0.2,-0.99,1997760258,-0.6,16,16,0.2,0.2,0.1,0.2,0.8
100,-16,-0.99,-16,-0.1,-0.2,-0.99,1997760309,-0.6,16,16,0.2,0.2,0.1,0.3,0.1
102,-16,-0.99,-16,-0.1,-0.2,-0.99,1997760397,-0.6,16,16,0.2,0.2,0.1,0.3,0.3
104,-16,-0.99,-16,-0.1,-0.2,-0.99,1997760506,-0.6,16,16,0.2,0.2,0.1,0.3,0.5
106,-16,-0.99,-16,-0.1,-0.2,-0.99,1997760569,-0.6,16,16,0.2,0.2,0.1,0.3,0.7
108,-16,-0.99,-16,-0.1,-0.2,-0.99,1997760672,-0.6,16,16,0.2,0.2,0.1,0.3,0.9
110,-16,-0.99,-16,-0.1,-0.2,-0.99,1997760776,-0.6,16,16,0.2,0.2,0.1,0.4,0.2
112,-16,-0.99,-16,-0.1,-0.2,-0.99,1997760836,-0.6,16,16,0.2,0.2,0.1,0.4,0.4
114,-16,-0.99,-16,-0.1,-0.2,-0.99,1997760899,-0.6,16,16,0.2,0.2,0.1,0.4,0.6
116,-16,-0.99,-16,-0.1,-0.2,-0.99,1997760973,-0.6,16,16,0.2,0.2,0.1,0.4,0.8
118,-16,-0.99,-16,-0.1,-0.2,-0.99,1997761036,-0.6,16,16,0.2,0.2,0.1,0.5,0.1
120,-16,-0.99,-16,-0.1,-0.2,-0.99,1997761094,-0.6,16,16,0.2,0.2,0.1,0.5,0.3
122,-16,-0.99,-16,-0.1,-0.2,-0.99,1997761182,-0.6,16,16,0.2,0.2,0.1,0.5,0.5
124,-16,-0.99,-16,-0.1,-0.2,-0.99,1997761220,-0.6,16,16,0.2,0.2,0.1,0.5,0.7
126,-16,-0.99,-16,-0.1,-0.2,-0.99,1997761286,-0.6,16,16,0.2,0.2,0.1,0.5,0.9
128,-16,-0.99,-16,-0.1,-0.2,-0.99,1997761366,-0.6,16,16,0.2,0.2,0.1,0.6,0.2
130,-16,-0.99,-16,-0.1,-0.2,-0.99,1997761410,-0.6,16,16,0.2,0.2,0.1,0.6,0.4
132,-16,-0.99,-16,-0.1,-0.2,-0.99,1997761477,-0.6,16,16,0.2,0.2,0.1,0.6,0.6
134,-16,-0.99,-16,-0.1,-0.2,-0.99,1997761533,-0.6,16,16,0.2,0.2,0.1,0.6,0.8
136,-16,-0.99,-16,-0.1,-0.2,-0.99,1997761592,-0.6,16,16,0.2,0.2,0.1,0.7,0.1
138,-16,-0.99,-16,-0.1,-0.2,-0.99,1997761661,-0.6,16,16,0.2,0.2,0.1,0.7,0.3
140,-16,-0.99,-16,-0.1,-0.2,-0.99,1997761716,-0.6,16,16,0.2,0.2,0.1,0.7,0.5
142,-16,-0.99,-16,-0.1,-0.2,-0.99,1997761771,-0.6,16,16,0.2,0.2,0.1,0.7,0.7
144,-16,-0.99,-16,-0.1,-0.2,-0.99,1997761846,-0.6,16,16,0.2,0.2,0.1,0.7,0.9
146,-16,-0.99,-16,-0.1,-0.2,-0.99,1997761923,-0.6,16,16,0.2,0.2,0.1,0.8,0.2
148,-16,-0.99,-16,-0.1,-0.2,-0.99,1997762014,-0.6,16,16,0.2,0.2,0.1,0.8,0.4
150,-16,-0.99,-16,-0.1,-0.2,-0.99,1997762057,-0.6,16,16,0.2,0.2,0.1,0.8,0.6
152,-16,-0.99,-16,-0.1,-0.2,-0.99,1997762204,-0.6,16,16,0.2,0.2,0.1,0.8,0.8
154,-16,-0.99,-16,-0.1,-0.2,-0.99,1997762362,-0.6,16,16,0.2,0.2,0.1,0.9,0.1
156,-16,-0.99,-16,-0.1,-0.2,-0.99,1997762494,-0.6,16,16,0.2,0.2,0.1,0.9,0.3
158,-16,-0.99,-16,-0.1,-0.2,-0.99,1997762567,-0.6,16,16,0.2,0.2,0.1,0.9,0.5
160,-16,-0.99,-16,-0.1,-0.2,-0.99,1997762604,-0.6,16,16,0.2,0.2,0.1,0.9,0.7
162,-16,-0.99,-16,-0.1,-0.2,-0.99,1997762661,-0.6,16,16,0.2,0.2,0.1,0.9,0.9
164,-16,-0.99,-16,-0.1,-0.2,-0.99,1997762704,-0.6,16,16,0.2,0.3,0.1,0.1,0.2
166,-16,-0.99,-16,-0.1,-0.2,-0.99,1997762757,-0.6,16,16,0.2,0.3,0.1,0.1,0.4
168,-16,-0.99,-16,-0.1,-0.2,-0.99,1997762804,-0.6,16,16,0.2,0.3,0.1,0.1,0.6
170,-16,-0.99,-16,-0.1,-0.2,-0.99,1997762856,-0.6,16,16,0.2,0.3,0.1,0.1,0.8
172,-16,-0.99,-16,-0.1,-0.2,-0.99,1997762903,-0.6,16,16,0.2,0.3,0.1,0.2,0.1
174,-16,-0.99,-16,-0.1,-0.2,-0.99,1997762974,-0.6,16,16,0.2,0.3,0.1,0.2,0.3
176,-16,-0.99,-16,-0.1,-0.2,-0.99,1997763038,-0.6,16,16,0.2,0.3,0.1,0.2,0.5
178,-16,-0.99,-16,-0.1,-0.2,-0.99,1997763080,-0.6,16,16,0.2,0.3,0.1,0.2,0.7
180,-16,-0.99,-16,-0.1,-0.2,-0.99,1997763164,-0.6,16,16,0.2,0.3,0.1,0.2,0.9
182,-16,-0.99,-16,-0.1,-0.2,-0.99,1997763253,-0.6,16,16,0.2,0.3,0.1,0.3,0.2
184,-16,-0.99,-16,-0.1,-0.2,-0.99,1997763354,-0.6,16,16,0.2,0.3,0.1,0.3,0.4
186,-16,-0.99,-16,-0.1,-0.2,-0.99,1997763419,-0.6,16,16,0.2,0.3,0.1,0.3,0.6
188,-16,-0.99,-16,-0.1,-0.2,-0.99,1997763477,-0.6,16,16,0.2,0.3,0.1,0.3,0.8
190,-16,-0.99,-16,-0.1,-0.2,-0.99,1997763575,-0.6,16,16,0.2,0.3,0.1,0.4,0.1
192,-16,-0.99,-16,-0.1,-0.2,-0.99,1997763638,-0.6,16,16,0.2,0.3,0.1,0.4,0.3
194,-16,-0.99,-16,-0.1,-0.2,-0.99,1997763710,-0.6,16,16,0.2,0.3,0.1,0.4,0.5
196,-16,-0.99,-16,-0.1,-0.2,-0.99,1997763812,-0.6,16,16,0.2,0.3,0.1,0.4,0.7
198,-16,-0.99,-16,-0.1,-0.2,-0.99,1997763855,-0.6,16,16,0.2,0.3,0.1,0.4,0.9
200,-16,-0.99,-16,-0.1,-0.2,-0.99,1997763903,-0.6,16,16,0.2,0.3,0.1,0.5,0.2
202,-16,-0.99,-16,-0.1,-0.2,-0.99,1997763983,-0.6,16,16,0.2,0.3,0.1,0.5,0.4
204,-16,-0.99,-16,-0.1,-0.2,-0.99,1997764056,-0.6,16,16,0.2,0.3,0.1,0.5,0.6
206,-16,-0.99,-16,-0.1,-0.2,-0.99,1997764101,-0.6,16,16,0.2,0.3,0.1,0.5,0.8
208,-16,-0.99,-16,-0.1,-0.2,-0.99,1997764164,-0.6,16,16,0.2,0.3,0.1,0.6,0.1
210,-16,-0.99,-16,-0.1,-0.2,-0.99,1997764213,-0.6,16,16,0.2,0.3,0.1,0.6,0.3
212,-16,-0.99,-16,-0.1,-0.2,-0.99,1997764301,-0.6,16,16,0.2,0.3,0.1,0.6,0.5
214,-16,-0.99,-16,-0.1,-0.2,-0.99,1997764361,-0.6,16,16,0.2,0.3,0.1,0.6,0.7
216,-16,-0.99,-16,-0.1,-0.2,-0.99,1997764418,-0.6,16,16,0.2,0.3,0.1,0.6,0.9
218,-16,-0.99,-16,-0.1,-0.2,-0.99,1997764489,-0.6,16,16,0.2,0.3,0.1,0.7,0.2
220,-16,-0.99,-16,-0.1,-0.2,-0.99,1997764531,-0.6,16,16,0.2,0.3,0.1,0.7,0.4
222,-16,-0.99,-16,-0.1,-0.2,-0.99,1997764629,-0.6,16,16,0.2,0.3,0.1,0.7,0.6
224,-16,-0.99,-16,-0.1,-0.2,-0.99,1997764754,-0.6,16,16,0.2,0.3,0.1,0.7,0.8
226,-16,-0.99,-16,-0.1,-0.2,-0.99,1997764978,-0.6,16,16,0.2,0.3,0.1,0.8,0.1
228,-16,-0.99,-16,-0.1,-0.2,-0.99,1997765047,-0.6,16,16,0.2,0.3,0.1,0.8,0.3
230,-16,-0.99,-16,-0.1,-0.2,-0.99,1997765141,-0.6,16,16,0.2,0.3,0.1,0.8,0.5
232,-16,-0.99,-16,-0.1,-0.2,-0.99,1997765191,-0.6,16,16,0.2,0.3,0.1,0.8,0.7
234,-16,-0.99,-16,-0.1,-0.2,-0.99,1997765251,-0.6,16,16,0.2,0.3,0.1,0.8,0.9
236,-16,-0.99,-16,-0.1,-0.2,-0.99,1997765296,-0.6,16,16,0.2,0.3,0.1,0.9,0.2
238,-16,-0.99,-16,-0.1,-0.2,-0.99,1997765373,-0.6,16,16,0.2,0.3,0.1,0.9,0.4
240,-16,-0.99,-16,-0.1,-0.2,-0.99,1997765454,-0.6,16,16,0.2,0.3,0.1,0.9,0.6
242,-16,-0.99,-16,-0.1,-0.2,-0.99,1997765509,-0.6,16,16,0.2,0.3,0.1,0.9,0.8
244,-16,-0.99,-16,-0.1,-0.2,-0.99,1997765583,-0.6,16,16,0.2,0.4,0.1,0.1,0.1
246,-16,-0.99,-16,-0.1,-0.2,-0.99,1997765626,-0.6,16,16,0.2,0.4,0.1,0.1,0.3
248,-16,-0.99,-16,-0.1,-0.2,-0.99,1997765724,-0.6,16,16,0.2,0.4,0.1,0.1,0.5
250,-16,-0.99,-16,-0.1,-0.2,-0.99,1997765773,-0.6,16,16,0.2,0.4,0.1,0.1,0.7
252,-16,-0.99,-16,-0.1,-0.2,-0.99,1997765830,-0.6,16,16,0.2,0.4,0.1,0.1,0.9
254,-16,-0.99,-16,-0.1,-0.2,-0.99,1997765883,-0.6,16,16,0.2,0.4,0.1,0.2,0.2
256,-16,-0.99,-16,-0.1,-0.2,-0.99,1997765995,-0.6,16,16,0.2,0.4,0.1,0.2,0.4
258,-16,-0.99,-16,-0.1,-0.2,-0.99,1997766212,-0.6,16,16,0.2,0.4,0.1,0.2,0.6
260,-16,-0.99,-16,-0.1,-0.2,-0.99,1997766316,-0.6,16,16,0.2,0.4,0.1,0.2,0.8
262,-16,-0.99,-16,-0.1,-0.2,-0.99,1997766736,-0.6,16,16,0.2,0.4,0.1,0.3,0.1
264,-16,-0.99,-16,-0.1,-0.2,-0.99,1997766794,-0.6,16,16,0.2,0.4,0.1,0.3,0.3
266,-16,-0.99,-16,-0.1,-0.2,-0.99,1997766857,-0.6,16,16,0.2,0.4,0.1,0.3,0.5
268,-16,-0.99,-16,-0.1,-0.2,-0.99,1997766930,-0.6,16,16,0.2,0.4,0.1,0.3,0.7
270,-16,-0.99,-16,-0.1,-0.2,-0.99,1997766970,-0.6,16,16,0.2,0.4,0.1,0.3,0.9
272,-16,-0.99,-16,-0.1,-0.2,-0.99,1997767034,-0.6,16,16,0.2,0.4,0.1,0.4,0.2
274,-16,-0.99,-16,-0.1,-0.2,-0.99,1997767086,-0.6,16,16,0.2,0.4,0.1,0.4,0.4
276,-16,-0.99,-16,-0.1,-0.2,-0.99,1997767144,-0.6,16,16,0.2,0.4,0.1,0.4,0.6
278,-16,-0.99,-16,-0.1,-0.2,-0.99,1997767208,-0.6,16,16,0.2,0.4,0.1,0.4,0.8
280,-16,-0.99,-16,-0.1,-0.2,-0.99,1997767278,-0.6,16,16,0.2,0.4,0.1,0.5,0.1
282,-16,-0.99,-16,-0.1,-0.2,-0.99,1997767350,-0.6,16,16,0.2,0.4,0.1,0.5,0.3
284,-16,-0.99,-16,-0.1,-0.2,-0.99,1997767398,-0.6,16,16,0.2,0.4,0.1,0.5,0.5
286,-16,-0.99,-16,-0.1,-0.2,-0.99,1997767463,-0.6,16,16,0.2,0.4,0.1,0.5,0.7
288,-16,-0.99,-16,-0.1,-0.2,-0.99,1997767511,-0.6,16,16,0.2,0.4,0.1,0.5,0.9
290,-16,-0.99,-16,-0.1,-0.2,-0.99,1997767561,-0.6,16,16,0.2,0.4,0.1,0.6,0.2
292,-16,-0.99,-16,-0.1,-0.2,-0.99,1997767618,-0.6,16,16,0.2,0.4,0.1,0.6,0.4
294,-16,-0.99,-16,-0.1,-0.2,-0.99,1997767676,-0.6,16,16,0.2,0.4,0.1,0.6,0.6
296,-16,-0.99,-16,-0.1,-0.2,-0.99,1997767736,-0.6,16,16,0.2,0.4,0.1,0.6,0.8
298,-16,-0.99,-16,-0.1,-0.2,-0.99,1997767793,-0.6,16,16,0.2,0.4,0.1,0.7,0.1
300,-16,-0.99,-16,-0.1,-0.2,-0.99,1997767833,-0.6,16,16,0.2,0.4,0.1,0.7,0.3
302,-16,-0.99,-16,-0.1,-0.2,-0.99,1997767898,-0.6,16,16,0.2,0.4,0.1,0.7,0.5
304,-16,-0.99,-16,-0.1,-0.2,-0.99,1997767937,-0.6,16,16,0.2,0.4,0.1,0.7,0.7
306,-16,-0.99,-16,-0.1,-0.2,-0.99,1997768012,-0.6,16,16,0.2,0.4,0.1,0.7,0.9
308,-16,-0.99,-16,-0.1,-0.2,-0.99,1997768065,-0.6,16,16,0.2,0.4,0.1,0.8,0.2
310,-16,-0.99,-16,-0.1,-0.2,-0.99,1997768114,-0.6,16,16,0.2,0.4,0.1,0.8,0.4
312,-16,-0.99,-16,-0.1,-0.2,-0.99,1997768187,-0.6,16,16,0.2,0.4,0.1,0.8,0.6
314,-16,-0.99,-16,-0.1,-0.2,-0.99,1997768237,-0.6,16,16,0.2,0.4,0.1,0.8,0.8
316,-16,-0.99,-16,-0.1,-0.2,-0.99,1997768282,-0.6,16,16,0.2,0.4,0.1,0.9,0.1
318,-16,-0.99,-16,-0.1,-0.2,-0.99,1997768353,-0.6,16,16,0.2,0.4,0.1,0.9,0.3
320,-16,-0.99,-16,-0.1,-0.2,-0.99,1997768422,-0.6,16,16,0.2,0.4,0.1,0.9,0.5
322,-16,-0.99,-16,-0.1,-0.2,-0.99,1997768475,-0.6,16,16,0.2,0.4,0.1,0.9,0.7
324,-16,-0.99,-16,-0.1,-0.2,-0.99,1997768512,-0.6,16,16,0.2,0.4,0.1,0.9,0.9
326,-16,-0.99,-16,-0.1,-0.2,-0.99,1997768743,-0.6,16,16,0.2,0.5,0.1,0.1,0.2
328,-16,-0.99,-16,-0.1,-0.2,-0.99,1997768936,-0.6,16,16,0.2,0.5,0.1,0.1,0.4
330,-16,-0.99,-16,-0.1,-0.2,-0.99,1997769066,-0.6,16,16,0.2,0.5,0.1,0.1,0.6
332,-16,-0.99,-16,-0.1,-0.2,-0.99,1997769188,-0.6,16,16,0.2,0.5,0.1,0.1,0.8
334,-16,-0.99,-16,-0.1,-0.2,-0.99,1997769409,-0.6,16,16,0.2,0.5,0.1,0.2,0.1
336,-16,-0.99,-16,-0.1,-0.2,-0.99,1997769479,-0.6,16,16,0.2,0.5,0.1,0.2,0.3
338,-16,-0.99,-16,-0.1,-0.2,-0.99,1997769559,-0.6,16,16,0.2,0.5,0.1,0.2,0.5
340,-16,-0.99,-16,-0.1,-0.2,-0.99,1997769619,-0.6,16,16,0.2,0.5,0.1,0.2,0.7
342,-16,-0.99,-16,-0.1,-0.2,-0.99,1997769666,-0.6,16,16,0.2,0.5,0.1,0.2,0.9
344,-16,-0.99,-16,-0.1,-0.2,-0.99,1997769708,-0.6,16,16,0.2,0.5,0.1,0.3,0.2
346,-16,-0.99,-16,-0.1,-0.2,-0.99,1997769753,-0.6,16,16,0.2,0.5,0.1,0.3,0.4
348,-16,-0.99,-16,-0.1,-0.2,-0.99,1997769800,-0.6,16,16,0.2,0.5,0.1,0.3,0.6
350,-16,-0.99,-16,-0.1,-0.2,-0.99,1997769847,-0.6,16,16,0.2,0.5,0.1,0.3,0.8
352,-16,-0.99,-16,-0.1,-0.2,-0.99,1997769890,-0.6,16,16,0.2,0.5,0.1,0.4,0.1
354,-16,-0.99,-16,-0.1,-0.2,-0.99,1997769966,-0.6,16,16,0.2,0.5,0.1,0.4,0.3
356,-16,-0.99,-16,-0.1,-0.2,-0.99,1997770025,-0.6,16,16,0.2,0.5,0.1,0.4,0.5
358,-16,-0.99,-16,-0.1,-0.2,-0.99,1997770092,-0.6,16,16,0.2,0.5,0.1,0.4,0.7
360,-16,-0.99,-16,-0.1,-0.2,-0.99,1997770142,-0.6,16,16,0.2,0.5,0.1,0.4,0.9
362,-16,-0.99,-16,-0.1,-0.2,-0.99,1997770185,-0.6,16,16,0.2,0.5,0.1,0.5,0.2
364,-16,-0.99,-16,-0.1,-0.2,-0.99,1997770246,-0.6,16,16,0.2,0.5,0.1,0.5,0.4
366,-16,-0.99,-16,-0.1,-0.2,-0.99,1997770282,-0.6,16,16,0.2,0.5,0.1,0.5,0.6
368,-16,-0.99,-16,-0.1,-0.2,-0.99,1997770331,-0.6,16,16,0.2,0.5,0.1,0.5,0.8
370,-16,-0.99,-16,-0.1,-0.2,-0.99,1997770383,-0.6,16,16,0.2,0.5,0.1,0.6,0.1
372,-16,-0.99,-16,-0.1,-0.2,-0.99,1997770436,-0.6,16,16,0.2,0.5,0.1,0.6,0.3
374,-16,-0.99,-16,-0.1,-0.2,-0.99,1997770489,-0.6,16,16,0.2,0.5,0.1,0.6,0.5
376,-16,-0.99,-16,-0.1,-0.2,-0.99,1997770540,-0.6,16,16,0.2,0.5,0.1,0.6,0.7
378,-16,-0.99,-16,-0.1,-0.2,-0.99,1997770582,-0.6,16,16,0.2,0.5,0.1,0.6,0.9
380,-16,-0.99,-16,-0.1,-0.2,-0.99,1997770631,-0.6,16,16,0.2,0.5,0.1,0.7,0.2
382,-16,-0.99,-16,-0.1,-0.2,-0.99,1997770682,-0.6,16,16,0.2,0.5,0.1,0.7,0.4
384,-16,-0.99,-16,-0.1,-0.2,-0.99,1997770724,-0.6,16,16,0.2,0.5,0.1,0.7,0.6
386,-16,-0.99,-16,-0.1,-0.2,-0.99,1997770779,-0.6,16,16,0.2,0.5,0.1,0.7,0.8
388,-16,-0.99,-16,-0.1,-0.2,-0.99,1997770831,-0.6,16,16,0.2,0.5,0.1,0.8,0.1
390,-16,-0.99,-16,-0.1,-0.2,-0.99,1997770878,-0.6,16,16,0.2,0.5,0.1,0.8,0.3
392,-16,-0.99,-16,-0.1,-0.2,-0.99,1997770929,-0.6,16,16,0.2,0.5,0.1,0.8,0.5
394,-16,-0.99,-16,-0.1,-0.2,-0.99,1997770978,-0.6,16,16,0.2,0.5,0.1,0.8,0.7
396,-16,-0.99,-16,-0.1,-0.2,-0.99,1997771027,-0.6,16,16,0.2,0.5,0.1,0.8,0.9
398,-16,-0.99,-16,-0.1,-0.2,-0.99,1997771097,-0.6,16,16,0.2,0.5,0.1,0.9,0.2
400,-16,-0.99,-16,-0.1,-0.2,-0.99,1997771145,-0.6,16,16,0.2,0.5,0.1,0.9,0.4
402,-16,-0.99,-16,-0.1,-0.2,-0.99,1997771189,-0.6,16,16,0.2,0.5,0.1,0.9,0.6
404,-16,-0.99,-16,-0.1,-0.2,-0.99,1997771247,-0.6,16,16,0.2,0.5,0.1,0.9,0.8
406,-16,-0.99,-16,-0.1,-0.2,-0.99,1997771286,-0.6,16,16,0.2,0.6,0.1,0.1,0.1
408,-16,-0.99,-16,-0.1,-0.2,-0.99,1997771333,-0.6,16,16,0.2,0.6,0.1,0.1,0.3
410,-16,-0.99,-16,-0.1,-0.2,-0.99,1997771378,-0.6,16,16,0.2,0.6,0.1,0.1,0.5
412,-16,-0.99,-16,-0.1,-0.2,-0.99,1997771431,-0.6,16,16,0.2,0.6,0.1,0.1,0.7
414,-16,-0.99,-16,-0.1,-0.2,-0.99,1997771466,-0.6,16,16,0.2,0.6,0.1,0.1,0.9
416,-16,-0.99,-16,-0.1,-0.2,-0.99,1997771529,-0.6,16,16,0.2,0.6,0.1,0.2,0.2
418,-16,-0.99,-16,-0.1,-0.2,-0.99,1997771582,-0.6,16,16,0.2,0.6,0.1,0.2,0.4
420,-16,-0.99,-16,-0.1,-0.2,-0.99,1997771641,-0.6,16,16,0.2,0.6,0.1,0.2,0.6
422,-16,-0.99,-16,-0.1,-0.2,-0.99,1997771684,-0.6,16,16,0.2,0.6,0.1,0.2,0.8
424,-16,-0.99,-16,-0.1,-0.2,-0.99,1997771721,-0.6,16,16,0.2,0.6,0.1,0.3,0.1
426,-16,-0.99,-16,-0.1,-0.2,-0.99,1997771763,-0.6,16,16,0.2,0.6,0.1,0.3,0.3
428,-16,-0.99,-16,-0.1,-0.2,-0.99,1997771797,-0.6,16,16,0.2,0.6,0.1,0.3,0.5
430,-16,-0.99,-16,-0.1,-0.2,-0.99,1997771846,-0.6,16,16,0.2,0.6,0.1,0.3,0.7
432,-16,-0.99,-16,-0.1,-0.2,-0.99,1997771891,-0.6,16,16,0.2,0.6,0.1,0.3,0.9
434,-16,-0.99,-16,-0.1,-0.2,-0.99,1997771940,-0.6,16,16,0.2,0.6,0.1,0.4,0.2
436,-16,-0.99,-16,-0.1,-0.2,-0.99,1997771988,-0.6,16,16,0.2,0.6,0.1,0.4,0.4
438,-16,-0.99,-16,-0.1,-0.2,-0.99,1997772028,-0.6,16,16,0.2,0.6,0.1,0.4,0.6
440,-16,-0.99,-16,-0.1,-0.2,-0.99,1997772074,-0.6,16,16,0.2,0.6,0.1,0.4,0.8
442,-16,-0.99,-16,-0.1,-0.2,-0.99,1997772134,-0.6,16,16,0.2,0.6,0.1,0.5,0.1
444,-16,-0.99,-16,-0.1,-0.2,-0.99,1997772186,-0.6,16,16,0.2,0.6,0.1,0.5,0.3
446,-16,-0.99,-16,-0.1,-0.2,-0.99,1997772231,-0.6,16,16,0.2,0.6,0.1,0.5,0.5
448,-16,-0.99,-16,-0.1,-0.2,-0.99,1997772301,-0.6,16,16,0.2,0.6,0.1,0.5,0.7
450,-16,-0.99,-16,-0.1,-0.2,-0.99,1997772364,-0.6,16,16,0.2,0.6,0.1,0.5,0.9
452,-16,-0.99,-16,-0.1,-0.2,-0.99,1997772409,-0.6,16,16,0.2,0.6,0.1,0.6,0.2
454,-16,-0.99,-16,-0.1,-0.2,-0.99,1997772464,-0.6,16,16,0.2,0.6,0.1,0.6,0.4
456,-16,-0.99,-16,-0.1,-0.2,-0.99,1997772529,-0.6,16,16,0.2,0.6,0.1,0.6,0.6
458,-16,-0.99,-16,-0.1,-0.2,-0.99,1997772607,-0.6,16,16,0.2,0.6,0.1,0.6,0.8
460,-16,-0.99,-16,-0.1,-0.2,-0.99,1997772650,-0.6,16,16,0.2,0.6,0.1,0.7,0.1
462,-16,-0.99,-16,-0.1,-0.2,-0.99,1997772703,-0.6,16,16,0.2,0.6,0.1,0.7,0.3
464,-16,-0.99,-16,-0.1,-0.2,-0.99,1997772775,-0.6,16,16,0.2,0.6,0.1,0.7,0.5
466,-16,-0.99,-16,-0.1,-0.2,-0.99,1997772881,-0.6,16,16,0.2,0.6,0.1,0.7,0.7
468,-16,-0.99,-16,-0.1,-0.2,-0.99,1997772930,-0.6,16,16,0.2,0.6,0.1,0.7,0.9
470,-16,-0.99,-16,-0.1,-0.2,-0.99,1997773019,-0.6,16,16,0.2,0.6,0.1,0.8,0.2
472,-16,-0.99,-16,-0.1,-0.2,-0.99,1997773104,-0.6,16,16,0.2,0.6,0.1,0.8,0.4
474,-16,-0.99,-16,-0.1,-0.2,-0.99,1997773139,-0.6,16,16,0.2,0.6,0.1,0.8,0.6
476,-16,-0.99,-16,-0.1,-0.2,-0.99,1997773202,-0.6,16,16,0.2,0.6,0.1,0.8,0.8
478,-16,-0.99,-16,-0.1,-0.2,-0.99,1997773244,-0.6,16,16,0.2,0.6,0.1,0.9,0.1
480,-16,-0.99,-16,-0.1,-0.2,-0.99,1997773299,-0.6,16,16,0.2,0.6,0.1,0.9,0.3
482,-16,-0.99,-16,-0.1,-0.2,-0.99,1997773364,-0.6,16,16,0.2,0.6,0.1,0.9,0.5
484,-16,-0.99,-16,-0.1,-0.2,-0.99,1997773396,-0.6,16,16,0.2,0.6,0.1,0.9,0.7
486,-16,-0.99,-16,-0.1,-0.2,-0.99,1997773467,-0.6,16,16,0.2,0.6,0.1,0.9,0.9
488,-16,-0.99,-16,-0.1,-0.2,-0.99,1997773518,-0.6,16,16,0.2,0.7,0.1,0.1,0.2
490,-16,-0.99,-16,-0.1,-0.2,-0.99,1997773564,-0.6,16,16,0.2,0.7,0.1,0.1,0.4
492,-16,-0.99,-16,-0.1,-0.2,-0.99,1997773622,-0.6,16,16,0.2,0.7,0.1,0.1,0.6
494,-16,-0.99,-16,-0.1,-0.2,-0.99,1997773666,-0.6,16,16,0.2,0.7,0.1,0.1,0.8
496,-16,-0.99,-16,-0.1,-0.2,-0.99,1997773767,-0.6,16,16,0.2,0.7,0.1,0.2,0.1
498,-16,-0.99,-16,-0.1,-0.2,-0.99,1997773814,-0.6,16,16,0.2,0.7,0.1,0.2,0.3
500,-16,-0.99,-16,-0.1,-0.2,-0.99,1997773860,-0.6,16,16,0.2,0.7,0.1,0.2,0.5
502,-16,-0.99,-16,-0.1,-0.2,-0.99,1997773921,-0.6,16,16,0.2,0.7,0.1,0.2,0.7
504,-16,-0.99,-16,-0.1,-0.2,-0.99,1997773987,-0.6,16,16,0.2,0.7,0.1,0.2,0.9
506,-16,-0.99,-16,-0.1,-0.2,-0.99,1997774044,-0.6,16,16,0.2,0.7,0.1,0.3,0.2
508,-16,-0.99,-16,-0.1,-0.2,-0.99,1997774091,-0.6,16,16,0.2,0.7,0.1,0.3,0.4
510,-16,-0.99,-16,-0.1,-0.2,-0.99,1997774149,-0.6,16,16,0.2,0.7,0.1,0.3,0.6
512,-16,-0.99,-16,-0.1,-0.2,-0.99,1997774200,-0.6,16,16,0.2,0.7,0.1,0.3,0.8
514,-16,-0.99,-16,-0.1,-0.2,-0.99,1997774258,-0.6,16,16,0.2,0.7,0.1,0.4,0.1
516,-16,-0.99,-16,-0.1,-0.2,-0.99,1997774300,-0.6,16,16,0.2,0.7,0.1,0.4,0.3
518,-16,-0.99,-16,-0.1,-0.2,-0.99,1997774402,-0.6,16,16,0.2,0.7,0.1,0.4,0.5
520,-16,-0.99,-16,-0.1,-0.2,-0.99,1997774467,-0.6,16,16,0.2,0.7,0.1,0.4,0.7
522,-16,-0.99,-16,-0.1,-0.2,-0.99,1997774511,-0.6,16,16,0.2,0.7,0.1,0.4,0.9
524,-16,-0.99,-16,-0.1,-0.2,-0.99,1997774562,-0.6,16,16,0.2,0.7,0.1,0.5,0.2
526,-16,-0.99,-16,-0.1,-0.2,-0.99,1997774610,-0.6,16,16,0.2,0.7,0.1,0.5,0.4
528,-16,-0.99,-16,-0.1,-0.2,-0.99,1997774668,-0.6,16,16,0.2,0.7,0.1,0.5,0.6
530,-16,-0.99,-16,-0.1,-0.2,-0.99,1997774706,-0.6,16,16,0.2,0.7,0.1,0.5,0.8
532,-16,-0.99,-16,-0.1,-0.2,-0.99,1997774752,-0.6,16,16,0.2,0.7,0.1,0.6,0.1
534,-16,-0.99,-16,-0.1,-0.2,-0.99,1997774801,-0.6,16,16,0.2,0.7,0.1,0.6,0.3
536,-16,-0.99,-16,-0.1,-0.2,-0.99,1997774876,-0.6,16,16,0.2,0.7,0.1,0.6,0.5
538,-16,-0.99,-16,-0.1,-0.2,-0.99,1997774950,-0.6,16,16,0.2,0.7,0.1,0.6,0.7
540,-16,-0.99,-16,-0.1,-0.2,-0.99,1997775007,-0.6,16,16,0.2,0.7,0.1,0.6,0.9
542,-16,-0.99,-16,-0.1,-0.2,-0.99,1997775112,-0.6,16,16,0.2,0.7,0.1,0.7,0.2
544,-16,-0.99,-16,-0.1,-0.2,-0.99,1997775173,-0.6,16,16,0.2,0.7,0.1,0.7,0.4
546,-16,-0.99,-16,-0.1,-0.2,-0.99,1997775220,-0.6,16,16,0.2,0.7,0.1,0.7,0.6
548,-16,-0.99,-16,-0.1,-0.2,-0.99,1997775263,-0.6,16,16,0.2,0.7,0.1,0.7,0.8
550,-16,-0.99,-16,-0.1,-0.2,-0.99,1997775309,-0.6,16,16,0.2,0.7,0.1,0.8,0.1
552,-16,-0.99,-16,-0.1,-0.2,-0.99,1997775352,-0.6,16,16,0.2,0.7,0.1,0.8,0.3
554,-16,-0.99,-16,-0.1,-0.2,-0.99,1997775396,-0.6,16,16,0.2,0.7,0.1,0.8,0.5
556,-16,-0.99,-16,-0.1,-0.2,-0.99,1997776260,-0.6,16,16,0.2,0.7,0.1,0.8,0.7
558,-16,-0.99,-16,-0.1,-0.2,-0.99,1997776307,-0.6,16,16,0.2,0.7,0.1,0.8,0.9
560,-16,-0.99,-16,-0.1,-0.2,-0.99,1997776352,-0.6,16,16,0.2,0.7,0.1,0.9,0.2
562,-16,-0.99,-16,-0.1,-0.2,-0.99,1997776411,-0.6,16,16,0.2,0.7,0.1,0.9,0.4
564,-16,-0.99,-16,-0.1,-0.2,-0.99,1997776484,-0.6,16,16,0.2,0.7,0.1,0.9,0.6
566,-16,-0.99,-16,-0.1,-0.2,-0.99,1997776614,-0.6,16,16,0.2,0.7,0.1,0.9,0.8
568,-16,-0.99,-16,-0.1,-0.2,-0.99,1997776811,-0.6,16,16,0.2,0.8,0.1,0.1,0.1
570,-16,-0.99,-16,-0.1,-0.2,-0.99,1997776967,-0.6,16,16,0.2,0.8,0.1,0.1,0.3
572,-16,-0.99,-16,-0.1,-0.2,-0.99,1997777058,-0.6,16,16,0.2,0.8,0.1,0.1,0.5
574,-16,-0.99,-16,-0.1,-0.2,-0.99,1997777113,-0.6,16,16,0.2,0.8,0.1,0.1,0.7
576,-16,-0.99,-16,-0.1,-0.2,-0.99,1997777146,-0.6,16,16,0.2,0.8,0.1,0.1,0.9
578,-16,-0.99,-16,-0.1,-0.2,-0.99,1997777214,-0.6,16,16,0.2,0.8,0.1,0.2,0.2
580,-16,-0.99,-16,-0.1,-0.2,-0.99,1997777257,-0.6,16,16,0.2,0.8,0.1,0.2,0.4
582,-16,-0.99,-16,-0.1,-0.2,-0.99,1997777304,-0.6,16,16,0.2,0.8,0.1,0.2,0.6
584,-16,-0.99,-16,-0.1,-0.2,-0.99,1997777347,-0.6,16,16,0.2,0.8,0.1,0.2,0.8
586,-16,-0.99,-16,-0.1,-0.2,-0.99,1997777389,-0.6,16,16,0.2,0.8,0.1,0.3,0.1
588,-16,-0.99,-16,-0.1,-0.2,-0.99,1997777435,-0.6,16,16,0.2,0.8,0.1,0.3,0.3
590,-16,-0.99,-16,-0.1,-0.2,-0.99,1997777481,-0.6,16,16,0.2,0.8,0.1,0.3,0.5
592,-16,-0.99,-16,-0.1,-0.2,-0.99,1997777524,-0.6,16,16,0.2,0.8,0.1,0.3,0.7
594,-16,-0.99,-16,-0.1,-0.2,-0.99,1997777573,-0.6,16,16,0.2,0.8,0.1,0.3,0.9
596,-16,-0.99,-16,-0.1,-0.2,-0.99,1997777634,-0.6,16,16,0.2,0.8,0.1,0.4,0.2
598,-16,-0.99,-16,-0.1,-0.2,-0.99,1997777682,-0.6,16,16,0.2,0.8,0.1,0.4,0.4
600,-16,-0.99,-16,-0.1,-0.2,-0.99,1997777769,-0.6,16,16,0.2,0.8,0.1,0.4,0.6
602,-16,-0.99,-16,-0.1,-0.2,-0.99,1997777805,-0.6,16,16,0.2,0.8,0.1,0.4,0.8
604,-16,-0.99,-16,-0.1,-0.2,-0.99,1997777847,-0.6,16,16,0.2,0.8,0.1,0.5,0.1
606,-16,-0.99,-16,-0.1,-0.2,-0.99,1997777892,-0.6,16,16,0.2,0.8,0.1,0.5,0.3
608,-16,-0.99,-16,-0.1,-0.2,-0.99,1997777954,-0.6,16,16,0.2,0.8,0.1,0.5,0.5
610,-16,-0.99,-16,-0.1,-0.2,-0.99,1997777989,-0.6,16,16,0.2,0.8,0.1,0.5,0.7
612,-16,-0.99,-16,-0.1,-0.2,-0.99,1997778035,-0.6,16,16,0.2,0.8,0.1,0.5,0.9
614,-16,-0.99,-16,-0.1,-0.2,-0.99,1997778091,-0.6,16,16,0.2,0.8,0.1,0.6,0.2
616,-16,-0.99,-16,-0.1,-0.2,-0.99,1997778142,-0.6,16,16,0.2,0.8,0.1,0.6,0.4
618,-16,-0.99,-16,-0.1,-0.2,-0.99,1997778190,-0.6,16,16,0.2,0.8,0.1,0.6,0.6
620,-16,-0.99,-16,-0.1,-0.2,-0.99,1997778242,-0.6,16,16,0.2,0.8,0.1,0.6,0.8
622,-16,-0.99,-16,-0.1,-0.2,-0.99,1997778293,-0.6,16,16,0.2,0.8,0.1,0.7,0.1
624,-16,-0.99,-16,-0.1,-0.2,-0.99,1997778325,-0.6,16,16,0.2,0.8,0.1,0.7,0.3
626,-16,-0.99,-16,-0.1,-0.2,-0.99,1997778373,-0.6,16,16,0.2,0.8,0.1,0.7,0.5
628,-16,-0.99,-16,-0.1,-0.2,-0.99,1997778417,-0.6,16,16,0.2,0.8,0.1,0.7,0.7
630,-16,-0.99,-16,-0.1,-0.2,-0.99,1997778460,-0.6,16,16,0.2,0.8,0.1,0.7,0.9
632,-16,-0.99,-16,-0.1,-0.2,-0.99,1997778507,-0.6,16,16,0.2,0.8,0.1,0.8,0.2
634,-16,-0.99,-16,-0.1,-0.2,-0.99,1997778576,-0.6,16,16,0.2,0.8,0.1,0.8,0.4
636,-16,-0.99,-16,-0.1,-0.2,-0.99,1997778623,-0.6,16,16,0.2,0.8,0.1,0.8,0.6
638,-16,-0.99,-16,-0.1,-0.2,-0.99,1997778662,-0.6,16,16,0.2,0.8,0.1,0.8,0.8
640,-16,-0.99,-16,-0.1,-0.2,-0.99,1997778731,-0.6,16,16,0.2,0.8,0.1,0.9,0.1
642,-16,-0.99,-16,-0.1,-0.2,-0.99,1997778798,-0.6,16,16,0.2,0.8,0.1,0.9,0.3
644,-16,-0.99,-16,-0.1,-0.2,-0.99,1997779658,-0.6,16,16,0.2,0.8,0.1,0.9,0.5
646,-16,-0.99,-16,-0.1,-0.2,-0.99,1997780453,-0.6,16,16,0.2,0.8,0.1,0.9,0.7
648,-16,-0.99,-16,-0.1,-0.2,-0.99,1997781000,-0.6,16,16,0.2,0.8,0.1,0.9,0.9
650,-16,-0.99,-16,-0.1,-0.2,-0.99,1997781061,-0.6,16,16,0.2,0.9,0.1,0.1,0.2
652,-16,-0.99,-16,-0.1,-0.2,-0.99,1997781198,-0.6,16,16,0.2,0.9,0.1,0.1,0.4
654,-16,-0.99,-16,-0.1,-0.2,-0.99,1997781672,-0.6,16,16,0.2,0.9,0.1,0.1,0.6
656,-16,-0.99,-16,-0.1,-0.2,-0.99,1997781729,-0.6,16,16,0.2,0.9,0.1,0.1,0.8
658,-16,-0.99,-16,-0.1,-0.2,-0.99,1997781771,-0.6,16,16,0.2,0.9,0.1,0.2,0.1
660,-16,-0.99,-16,-0.1,-0.2,-0.99,1997781816,-0.6,16,16,0.2,0.9,0.1,0.2,0.3
662,-16,-0.99,-16,-0.1,-0.2,-0.99,1997781867,-0.6,16,16,0.2,0.9,0.1,0.2,0.5
664,-16,-0.99,-16,-0.1,-0.2,-0.99,1997781906,-0.6,16,16,0.2,0.9,0.1,0.2,0.7
666,-16,-0.99,-16,-0.1,-0.2,-0.99,1997781951,-0.6,16,16,0.2,0.9,0.1,0.2,0.9
668,-16,-0.99,-16,-0.1,-0.2,-0.99,1997782004,-0.6,16,16,0.2,0.9,0.1,0.3,0.2
670,-16,-0.99,-16,-0.1,-0.2,-0.99,1997782055,-0.6,16,16,0.2,0.9,0.1,0.3,0.4
672,-16,-0.99,-16,-0.1,-0.2,-0.99,1997782105,-0.6,16,16,0.2,0.9,0.1,0.3,0.6
674,-16,-0.99,-16,-0.1,-0.2,-0.99,1997782167,-0.6,16,16,0.2,0.9,0.1,0.3,0.8
676,-16,-0.99,-16,-0.1,-0.2,-0.99,1997782213,-0.6,16,16,0.2,0.9,0.1,0.4,0.1
678,-16,-0.99,-16,-0.1,-0.2,-0.99,1997782289,-0.6,16,16,0.2,0.9,0.1,0.4,0.3
680,-16,-0.99,-16,-0.1,-0.2,-0.99,1997782348,-0.6,16,16,0.2,0.9,0.1,0.4,0.5
682,-16,-0.99,-16,-0.1,-0.2,-0.99,1997782482,-0.6,16,16,0.2,0.9,0.1,0.4,0.7
684,-16,-0.99,-16,-0.1,-0.2,-0.99,1997782970,-0.6,16,16,0.2,0.9,0.1,0.4,0.9
686,-16,-0.99,-16,-0.1,-0.2,-0.99,1997783018,-0.6,16,16,0.2,0.9,0.1,0.5,0.2
688,-16,-0.99,-16,-0.1,-0.2,-0.99,1997783115,-0.6,16,16,0.2,0.9,0.1,0.5,0.4
690,-16,-0.99,-16,-0.1,-0.2,-0.99,1997783168,-0.6,16,16,0.2,0.9,0.1,0.5,0.6
692,-16,-0.99,-16,-0.1,-0.2,-0.99,1997783213,-0.6,16,16,0.2,0.9,0.1,0.5,0.8
694,-16,-0.99,-16,-0.1,-0.2,-0.99,1997783248,-0.6,16,16,0.2,0.9,0.1,0.6,0.1
696,-16,-0.99,-16,-0.1,-0.2,-0.99,1997783283,-0.6,16,16,0.2,0.9,0.1,0.6,0.3
698,-16,-0.99,-16,-0.1,-0.2,-0.99,1997783315,-0.6,16,16,0.2,0.9,0.1,0.6,0.5
700,-16,-0.99,-16,-0.1,-0.2,-0.99,1997783392,-0.6,16,16,0.2,0.9,0.1,0.6,0.7
702,-16,-0.99,-16,-0.1,-0.2,-0.99,1997783469,-0.6,16,16,0.2,0.9,0.1,0.6,0.9
704,-16,-0.99,-16,-0.1,-0.2,-0.99,1997783515,-0.6,16,16,0.2,0.9,0.1,0.7,0.2
706,-16,-0.99,-16,-0.1,-0.2,-0.99,1997783555,-0.6,16,16,0.2,0.9,0.1,0.7,0.4
708,-16,-0.99,-16,-0.1,-0.2,-0.99,1997783604,-0.6,16,16,0.2,0.9,0.1,0.7,0.6
710,-16,-0.99,-16,-0.1,-0.2,-0.99,1997784130,-0.6,16,16,0.2,0.9,0.1,0.7,0.8
712,-16,-0.99,-16,-0.1,-0.2,-0.99,1997784733,-0.6,16,16,0.2,0.9,0.1,0.8,0.1
714,-16,-0.99,-16,-0.1,-0.2,-0.99,1997785322,-0.6,16,16,0.2,0.9,0.1,0.8,0.3
716,-16,-0.99,-16,-0.1,-0.2,-0.99,1997785366,-0.6,16,16,0.2,0.9,0.1,0.8,0.5
718,-16,-0.99,-16,-0.1,-0.2,-0.99,1997785416,-0.6,16,16,0.2,0.9,0.1,0.8,0.7
720,-16,-0.99,-16,-0.1,-0.2,-0.99,1997785472,-0.6,16,16,0.2,0.9,0.1,0.8,0.9
722,-16,-0.99,-16,-0.1,-0.2,-0.99,1997785519,-0.6,16,16,0.2,0.9,0.1,0.9,0.2
724,-16,-0.99,-16,-0.1,-0.2,-0.99,1997785564,-0.6,16,16,0.2,0.9,0.1,0.9,0.4
726,-16,-0.99,-16,-0.1,-0.2,-0.99,1997785653,-0.6,16,16,0.2,0.9,0.1,0.9,0.6
728,-16,-0.99,-16,-0.1,-0.2,-0.99,1997786266,-0.6,16,16,0.2,0.9,0.1,0.9,0.8
